1AF7_A	5XLY_A	32.959	267	163	8	10	265	1	262	1.81e-40	137
1AH7_A	5DAG_A	40.476	42	25	0	177	218	45	86	4.74e-05	38.9
1B0N_A	6JQ1_A	34.118	85	53	2	4	86	8	91	2.47e-12	55.1
1B0N_A	5WOQ_A	29.412	68	47	1	1	68	16	82	3.56e-05	36.2
1B0N_A	4Z5D_A	31.250	64	42	2	2	65	10	71	2.59e-04	33.1
1B33_A	5NB4_A	32.716	162	107	1	1	160	3	164	2.06e-25	91.7
1B33_A	4XXI_A	41.071	112	52	2	6	117	6	103	1.04e-20	79.3
1B33_B	4XXI_A	32.051	156	86	6	7	158	5	144	2.00e-16	68.2
1B33_B	5NB4_A	29.008	131	92	1	1	130	1	131	6.34e-16	67.0
1B33_C	5NB4_A	32.716	162	107	1	1	160	3	164	2.06e-25	91.7
1B33_C	4XXI_A	41.071	112	52	2	6	117	6	103	1.04e-20	79.3
1B33_D	4XXI_A	32.051	156	86	6	7	158	5	144	2.00e-16	68.2
1B33_D	5NB4_A	29.008	131	92	1	1	130	1	131	6.34e-16	67.0
1B33_E	5NB4_A	32.716	162	107	1	1	160	3	164	2.06e-25	91.7
1B33_E	4XXI_A	41.071	112	52	2	6	117	6	103	1.04e-20	79.3
1B33_F	4XXI_A	32.051	156	86	6	7	158	5	144	2.00e-16	68.2
1B33_F	5NB4_A	29.008	131	92	1	1	130	1	131	6.34e-16	67.0
1B33_H	5NB4_A	32.716	162	107	1	1	160	3	164	2.06e-25	91.7
1B33_H	4XXI_A	41.071	112	52	2	6	117	6	103	1.04e-20	79.3
1B33_I	4XXI_A	32.051	156	86	6	7	158	5	144	2.00e-16	68.2
1B33_I	5NB4_A	29.008	131	92	1	1	130	1	131	6.34e-16	67.0
1B33_J	5NB4_A	32.716	162	107	1	1	160	3	164	2.06e-25	91.7
1B33_J	4XXI_A	41.071	112	52	2	6	117	6	103	1.04e-20	79.3
1B33_K	4XXI_A	32.051	156	86	6	7	158	5	144	2.00e-16	68.2
1B33_K	5NB4_A	29.008	131	92	1	1	130	1	131	6.34e-16	67.0
1B33_L	5NB4_A	32.716	162	107	1	1	160	3	164	2.06e-25	91.7
1B33_L	4XXI_A	41.071	112	52	2	6	117	6	103	1.04e-20	79.3
1B33_M	4XXI_A	32.051	156	86	6	7	158	5	144	2.00e-16	68.2
1B33_M	5NB4_A	29.008	131	92	1	1	130	1	131	6.34e-16	67.0
1BKR_A	5A38_A	56.604	106	45	1	3	107	136	241	1.53e-39	128
1BXY_A	4Y4O_13	100.000	60	0	0	1	60	1	60	1.19e-38	117
1BXY_A	4YBB_C0	44.444	54	30	0	4	57	4	57	5.07e-10	45.4
1BXY_B	4Y4O_13	100.000	60	0	0	1	60	1	60	1.19e-38	117
1BXY_B	4YBB_C0	44.444	54	30	0	4	57	4	57	5.07e-10	45.4
1C5E_A	5MFD_B	100.000	90	0	0	6	95	3	92	6.54e-61	177
1C5E_B	5MFD_B	100.000	90	0	0	6	95	3	92	6.54e-61	177
1C5E_C	5MFD_B	100.000	90	0	0	6	95	3	92	6.54e-61	177
1CC8_A	5VDE_A	100.000	73	0	0	1	73	1	73	5.17e-51	150
1CC8_A	4YDX_A	42.623	61	33	1	7	67	3	61	5.27e-09	43.9
1CC8_A	4Y2M_A	32.759	58	37	2	8	64	3	59	5.71e-05	33.5
1CC8_A	5KZE_A	27.941	68	35	2	3	62	118	179	0.001	31.2
1CFZ_A	5TTX_A	36.364	154	88	5	2	149	9	158	2.27e-21	81.3
1CFZ_A	5IJA_A	26.712	146	99	3	1	143	1	141	2.96e-09	48.9
1CFZ_A	5ZBY_A	35.385	65	39	2	2	64	13	76	0.002	32.7
1CFZ_B	5TTX_A	36.364	154	88	5	2	149	9	158	2.27e-21	81.3
1CFZ_B	5IJA_A	26.712	146	99	3	1	143	1	141	2.96e-09	48.9
1CFZ_B	5ZBY_A	35.385	65	39	2	2	64	13	76	0.002	32.7
1CFZ_C	5TTX_A	36.364	154	88	5	2	149	9	158	2.27e-21	81.3
1CFZ_C	5IJA_A	26.712	146	99	3	1	143	1	141	2.96e-09	48.9
1CFZ_C	5ZBY_A	35.385	65	39	2	2	64	13	76	0.002	32.7
1CFZ_D	5TTX_A	36.364	154	88	5	2	149	9	158	2.27e-21	81.3
1CFZ_D	5IJA_A	26.712	146	99	3	1	143	1	141	2.96e-09	48.9
1CFZ_D	5ZBY_A	35.385	65	39	2	2	64	13	76	0.002	32.7
1CFZ_E	5TTX_A	36.364	154	88	5	2	149	9	158	2.27e-21	81.3
1CFZ_E	5IJA_A	26.712	146	99	3	1	143	1	141	2.96e-09	48.9
1CFZ_E	5ZBY_A	35.385	65	39	2	2	64	13	76	0.002	32.7
1CFZ_F	5TTX_A	36.364	154	88	5	2	149	9	158	2.27e-21	81.3
1CFZ_F	5IJA_A	26.712	146	99	3	1	143	1	141	2.96e-09	48.9
1CFZ_F	5ZBY_A	35.385	65	39	2	2	64	13	76	0.002	32.7
1CIP_A	5DE3_A	27.551	98	55	3	181	272	26	113	4.89e-05	39.3
1CXQ_A	5CZ1_A	39.456	147	81	3	6	151	5	144	4.62e-29	101
1DFU_P	5IZN_A	59.091	88	35	1	6	93	8	94	7.99e-37	115
1DK8_A	6AM3_A	31.507	146	88	5	2	144	1	137	1.82e-16	67.4
1DL5_A	5ZW3_A	26.596	94	64	3	64	153	43	135	6.34e-04	36.2
1DL5_A	5EPE_A	32.468	77	47	3	61	135	22	95	7.74e-04	35.8
1DL5_B	5ZW3_A	26.596	94	64	3	64	153	43	135	6.34e-04	36.2
1DL5_B	5EPE_A	32.468	77	47	3	61	135	22	95	7.74e-04	35.8
1DWK_A	6B6M_A	69.872	156	47	0	1	156	1	156	1.03e-77	224
1DWK_B	6B6M_A	69.872	156	47	0	1	156	1	156	1.03e-77	224
1DWK_C	6B6M_A	69.872	156	47	0	1	156	1	156	1.03e-77	224
1DWK_D	6B6M_A	69.872	156	47	0	1	156	1	156	1.03e-77	224
1DWK_E	6B6M_A	69.872	156	47	0	1	156	1	156	1.03e-77	224
1DWK_F	6B6M_A	69.872	156	47	0	1	156	1	156	1.03e-77	224
1DWK_G	6B6M_A	69.872	156	47	0	1	156	1	156	1.03e-77	224
1DWK_H	6B6M_A	69.872	156	47	0	1	156	1	156	1.03e-77	224
1DWK_I	6B6M_A	69.872	156	47	0	1	156	1	156	1.03e-77	224
1DWK_J	6B6M_A	69.872	156	47	0	1	156	1	156	1.03e-77	224
1DY5_A	6ETL_A	99.194	124	1	0	1	124	1	124	1.14e-91	256
1DY5_B	6ETL_A	99.194	124	1	0	1	124	1	124	1.14e-91	256
1E58_A	6H26_A	56.078	255	103	3	1	249	2	253	1.06e-103	297
1E58_A	5ZKK_A	37.500	64	37	1	2	65	1	61	8.65e-10	52.8
1EEX_B	5YRV_B	100.000	179	0	0	46	224	22	200	1.20e-130	362
1EEX_E	5YRV_B	100.000	179	0	0	46	224	22	200	1.20e-130	362
1EEX_G	5YRV_C	100.000	136	0	0	38	173	2	137	5.19e-99	278
1EEX_M	5YRV_C	100.000	136	0	0	38	173	2	137	5.19e-99	278
1EF1_A	6IBE_A	30.034	293	186	6	1	288	5	283	1.16e-38	133
1EF1_B	6IBE_A	30.034	293	186	6	1	288	5	283	1.16e-38	133
1EGW_A	6BYY_A	98.701	77	1	0	1	77	2	78	1.69e-54	159
1EGW_B	6BYY_A	98.701	77	1	0	1	77	2	78	1.69e-54	159
1EGW_C	6BYY_A	98.701	77	1	0	1	77	2	78	1.69e-54	159
1EGW_D	6BYY_A	98.701	77	1	0	1	77	2	78	1.69e-54	159
1EUW_A	4XJC_A	25.843	89	64	2	38	126	65	151	0.001	33.1
1F3V_B	6MYD_A	30.263	152	103	3	17	166	2	152	1.30e-23	87.0
1F60_A	5I4Q_C	29.858	211	126	6	233	439	23	215	7.83e-16	72.0
1F60_B	5O8W_B	100.000	94	0	0	1	94	1	94	1.89e-66	190
1F86_A	5E4A_A	99.130	115	1	0	1	115	21	135	1.90e-83	236
1F86_A	5Z5M_A	27.193	114	75	3	3	109	183	295	1.71e-04	35.0
1F86_B	5E4A_A	99.130	115	1	0	1	115	21	135	1.90e-83	236
1F86_B	5Z5M_A	27.193	114	75	3	3	109	183	295	1.71e-04	35.0
1FCY_A	5U3Q_A	28.571	182	124	3	59	236	90	269	2.81e-23	90.9
1FCY_A	5CJ6_A	23.750	80	59	1	44	121	61	140	3.61e-06	42.4
1FM0_D	5LDA_B	32.000	50	34	0	32	81	20	69	0.006	28.5
1FM0_E	5MPO_C	34.259	108	71	0	29	136	44	151	1.86e-22	83.2
1FS1_A	5IBK_B	41.026	39	23	0	12	50	24	62	2.50e-04	30.8
1FS1_B	6BRP_A	59.712	139	54	2	4	140	6	144	2.16e-52	159
1FS1_B	6GFX_B	29.730	111	57	3	1	105	1	96	4.40e-04	33.5
1FS1_C	5IBK_B	41.026	39	23	0	12	50	24	62	2.50e-04	30.8
1FS1_D	6BRP_A	59.712	139	54	2	4	140	6	144	2.16e-52	159
1FS1_D	6GFX_B	29.730	111	57	3	1	105	1	96	4.40e-04	33.5
1FX2_A	5D0E_A	28.230	209	106	5	13	220	9	174	3.04e-13	62.0
1G6X_A	4Y0Y_I	93.103	58	4	0	1	58	1	58	1.70e-37	114
1G8Q_A	5M33_A	100.000	89	0	0	1	89	4	92	2.60e-62	180
1G8Q_B	5M33_A	100.000	89	0	0	1	89	4	92	2.60e-62	180
1GCI_A	5AMX_A	39.918	243	115	9	5	228	7	237	6.28e-40	135
1GD8_A	4YBB_CO	55.085	118	52	1	1	118	1	117	3.97e-39	123
1GD8_B	4YBB_CO	55.085	118	52	1	1	118	1	117	3.97e-39	123
1GD8_C	4YBB_CO	55.085	118	52	1	1	118	1	117	3.97e-39	123
1GD8_D	4YBB_CO	55.085	118	52	1	1	118	1	117	3.97e-39	123
1GD8_E	4YBB_CO	55.085	118	52	1	1	118	1	117	3.97e-39	123
1GD8_F	4YBB_CO	55.085	118	52	1	1	118	1	117	3.97e-39	123
1GD8_G	4YBB_CO	55.085	118	52	1	1	118	1	117	3.97e-39	123
1GD8_H	4YBB_CO	55.085	118	52	1	1	118	1	117	3.97e-39	123
1GD8_I	4YBB_CO	55.085	118	52	1	1	118	1	117	3.97e-39	123
1GK9_A	6NVX_A	36.216	185	116	2	7	190	9	192	3.30e-45	147
1GK9_A	4YFB_A	29.310	116	67	4	3	104	7	121	9.03e-05	37.7
1GMX_A	6MXV_A	27.885	104	67	4	5	102	23	124	2.97e-06	40.0
1GMX_A	6MXV_A	28.049	82	57	1	17	96	161	242	1.27e-04	35.4
1GPQ_C	6JXP_A	100.000	129	0	0	1	129	19	147	9.74e-95	265
1GPQ_D	6JXP_A	100.000	129	0	0	1	129	19	147	9.74e-95	265
1GTE_A	5VUG_A	27.778	54	32	2	841	887	75	128	0.008	35.0
1GTE_B	5VUG_A	27.778	54	32	2	841	887	75	128	0.008	35.0
1GTE_C	5VUG_A	27.778	54	32	2	841	887	75	128	0.008	35.0
1GTE_D	5VUG_A	27.778	54	32	2	841	887	75	128	0.008	35.0
1GZS_A	6P0Z_A	31.410	156	90	5	18	171	15	155	6.38e-18	72.8
1GZS_C	6P0Z_A	31.410	156	90	5	18	171	15	155	6.38e-18	72.8
1H4R_A	6IBE_A	30.068	296	185	8	20	308	3	283	2.59e-37	130
1H4R_B	6IBE_A	30.068	296	185	8	20	308	3	283	2.59e-37	130
1HBN_C	5A0Y_C	100.000	248	0	0	1	248	2	249	0.0	507
1HBN_F	5A0Y_C	100.000	248	0	0	1	248	2	249	0.0	507
1HE1_C	6P0Z_A	28.221	163	100	4	16	176	15	162	1.41e-17	72.0
1HE1_D	6P0Z_A	28.221	163	100	4	16	176	15	162	1.41e-17	72.0
1HFE_L	5OY0_3	33.871	62	30	3	26	79	2	60	0.008	31.2
1HFE_M	5OY0_3	33.871	62	30	3	26	79	2	60	0.008	31.2
1HYO_A	6IYM_A	29.814	161	73	8	198	355	121	244	3.15e-07	47.4
1HYO_B	6IYM_A	29.814	161	73	8	198	355	121	244	3.15e-07	47.4
1I2T_A	6H7B_A	43.333	60	34	0	1	60	30	89	2.21e-11	50.1
1I4J_A	4YBB_CT	55.455	110	46	1	1	107	1	110	3.71e-34	110
1I4J_B	4YBB_CT	55.455	110	46	1	1	107	1	110	3.71e-34	110
1I71_A	6BA5_M	39.241	79	47	1	2	79	4	82	9.37e-18	66.6
1I71_A	6PX5_X	31.646	79	53	1	2	79	2	80	3.08e-10	49.3
1IFR_A	6GHD_B	100.000	112	0	0	4	115	8	119	4.28e-83	234
1IJY_A	6NE2_A	55.556	108	47	1	10	117	4	110	6.63e-46	141
1IJY_A	5KZZ_A	27.826	115	74	6	6	115	12	122	2.73e-05	37.0
1IJY_B	6NE2_A	55.556	108	47	1	10	117	4	110	6.63e-46	141
1IJY_B	5KZZ_A	27.826	115	74	6	6	115	12	122	2.73e-05	37.0
1IK9_A	5CHX_A	97.183	142	4	0	2	143	5	146	1.10e-102	291
1IK9_B	5CHX_A	97.183	142	4	0	2	143	5	146	1.10e-102	291
1IN0_A	5B7W_A	45.399	163	87	2	1	163	1	161	2.85e-46	145
1IN0_B	5B7W_A	45.399	163	87	2	1	163	1	161	2.85e-46	145
1IO0_A	4Z79_A	47.486	179	94	0	7	185	3	181	4.58e-51	159
1IO1_A	5GY2_C	43.443	122	65	2	5	122	9	130	2.15e-24	95.1
1IO1_A	5GY2_C	45.455	55	30	0	343	397	129	183	9.33e-07	44.7
1IO1_A	5ZIY_A	31.746	63	43	0	8	70	21	83	0.003	34.3
1IOM_A	6HXP_A	32.900	231	143	8	150	377	30	251	7.46e-21	87.0
1J5U_A	5YZ1_A	22.581	124	71	4	17	120	47	165	0.003	32.0
1JB0_C	5OY0_3	95.000	80	4	0	1	80	1	80	9.99e-55	160
1JB0_C	6CZ7_B	30.000	50	28	1	16	65	65	107	0.002	30.8
1JB0_D	5OY0_4	67.857	140	41	2	1	137	1	139	6.56e-67	195
1JB0_E	5OY0_5	67.647	68	21	1	1	68	2	68	2.05e-29	95.5
1JB0_F	5OY0_6	60.284	141	56	0	24	164	3	143	3.09e-63	187
1JB0_K	5OY0_8	55.224	67	30	0	11	77	10	76	1.20e-20	73.9
1JB0_L	5OY0_L	72.727	154	42	0	1	154	4	157	2.48e-80	230
1JHG_A	6F9K_A	99.010	101	1	0	1	101	8	108	1.16e-70	202
1JKE_A	5J61_A	29.677	155	97	2	1	143	1	155	5.16e-24	87.4
1JKE_B	5J61_A	29.677	155	97	2	1	143	1	155	5.16e-24	87.4
1JKE_C	5J61_A	29.677	155	97	2	1	143	1	155	5.16e-24	87.4
1JKE_D	5J61_A	29.677	155	97	2	1	143	1	155	5.16e-24	87.4
1JNR_A	6GNA_A	37.931	58	32	3	409	464	226	281	0.003	35.8
1JNR_B	6CZ7_B	32.000	50	32	1	13	62	57	104	0.008	31.2
1JNR_C	6GNA_A	37.931	58	32	3	409	464	226	281	0.003	35.8
1JNR_D	6CZ7_B	32.000	50	32	1	13	62	57	104	0.008	31.2
1JS8_A	6EI4_A	34.000	100	50	3	169	268	201	284	3.61e-11	59.3
1JS8_A	6EI4_A	29.787	94	62	2	3	96	4	93	1.31e-04	38.9
1JS8_B	6EI4_A	34.000	100	50	3	169	268	201	284	3.61e-11	59.3
1JS8_B	6EI4_A	29.787	94	62	2	3	96	4	93	1.31e-04	38.9
1JW9_B	5IAA_A	26.971	241	149	9	27	245	13	248	8.23e-10	53.5
1JW9_D	5LDA_B	32.000	50	34	0	32	81	20	69	0.006	28.5
1K04_A	6BZ3_A	98.413	126	2	0	31	156	1	126	3.83e-87	247
1K3I_A	4ZZ5_A	25.000	128	79	5	40	163	23	137	8.82e-04	35.8
1K5N_A	5NQ0_A	73.455	275	73	0	1	275	1	275	8.15e-152	421
1K5N_A	6C98_A	28.832	274	182	6	4	275	6	268	2.10e-32	116
1K5N_A	5U66_A	25.316	79	49	3	194	266	122	196	1.23e-04	37.7
1K5N_A	4ZSO_E	27.907	86	53	2	194	270	136	221	4.37e-04	36.6
1K5N_A	6CPH_E	37.255	51	28	2	177	223	116	166	0.007	32.7
1K5N_B	5NQ0_A	30.303	99	64	4	2	97	179	275	2.47e-09	48.5
1K5N_B	6C98_A	26.667	90	63	3	6	95	180	266	2.91e-05	37.0
1K5N_B	5U66_A	31.818	88	50	4	9	88	111	196	4.87e-05	36.2
1K6Y_A	5CZ1_A	26.531	147	100	4	60	199	12	157	9.20e-10	51.6
1K6Y_B	5CZ1_A	26.531	147	100	4	60	199	12	157	9.20e-10	51.6
1K6Y_C	5CZ1_A	26.531	147	100	4	60	199	12	157	9.20e-10	51.6
1K6Y_D	5CZ1_A	26.531	147	100	4	60	199	12	157	9.20e-10	51.6
1KA1_A	6GIU_A	26.500	200	102	9	139	327	87	252	1.11e-07	48.1
1KA1_A	5EQ7_A	33.333	108	51	6	92	178	27	134	1.58e-05	41.6
1KA1_A	5EQ7_A	48.649	37	19	0	37	73	44	80	1.85e-04	38.1
1KAP_P	5CVW_A	36.905	84	30	2	342	402	1	84	9.66e-05	38.5
1KGS_A	6EKG_Y	22.222	117	89	1	3	117	5	121	9.11e-08	45.4
1KGS_A	5TQJ_A	40.678	59	33	1	48	106	62	118	2.11e-07	44.7
1KGS_A	6M8O_A	25.287	87	54	3	47	127	47	128	2.16e-04	35.8
1KNM_A	4ZA3_B	35.556	90	56	2	15	103	17	105	2.46e-09	49.3
1KNM_A	4ZA3_B	45.455	33	18	0	96	128	15	47	4.89e-04	34.3
1KNM_A	4ZA3_B	30.769	52	34	1	59	108	19	70	0.007	30.8
1KNM_A	4ZA3_B	23.478	115	81	3	17	128	147	257	0.010	30.4
1KNM_A	5B2H_A	27.350	117	71	4	27	130	166	281	1.49e-04	35.8
1KNM_A	5B2H_A	36.364	33	21	0	15	47	249	281	0.007	30.8
1KQ6_A	6EDX_A	33.333	81	46	3	25	105	26	98	0.002	32.0
1KQF_B	6CZ7_B	22.267	247	121	6	29	227	2	225	2.52e-12	61.2
1KQP_A	5F23_A	48.327	269	131	3	2	262	12	280	5.75e-81	241
1KQP_B	5F23_A	48.327	269	131	3	2	262	12	280	5.75e-81	241
1L0Q_A	6AEM_A	45.714	35	19	0	338	372	39	73	1.29e-05	39.3
1L0Q_B	6AEM_A	45.714	35	19	0	338	372	39	73	1.29e-05	39.3
1L0Q_C	6AEM_A	45.714	35	19	0	338	372	39	73	1.29e-05	39.3
1L0Q_D	6AEM_A	45.714	35	19	0	338	372	39	73	1.29e-05	39.3
1L3K_A	6ES4_A	36.667	60	38	0	106	165	144	203	1.00e-06	43.5
1L3K_A	6ES4_A	30.263	76	49	2	15	90	144	215	7.64e-06	40.8
1L3K_A	4YUD_A	27.273	55	40	0	105	159	11	65	1.79e-04	35.0
1L3K_A	5T9P_A	24.000	75	52	2	107	178	13	85	0.004	32.0
1L3K_A	5T9P_A	28.889	45	32	0	27	71	24	68	0.010	30.4
1L3L_A	6CC0_A	24.645	211	143	4	27	228	27	230	6.44e-18	75.9
1L3L_A	6MWL_A	21.762	193	135	6	50	234	53	237	1.87e-07	46.2
1L3L_A	5L09_A	23.077	104	76	2	32	132	26	128	8.26e-05	37.7
1L3L_B	6CC0_A	24.645	211	143	4	27	228	27	230	6.44e-18	75.9
1L3L_B	6MWL_A	21.762	193	135	6	50	234	53	237	1.87e-07	46.2
1L3L_B	5L09_A	23.077	104	76	2	32	132	26	128	8.26e-05	37.7
1L3L_C	6CC0_A	24.645	211	143	4	27	228	27	230	6.44e-18	75.9
1L3L_C	6MWL_A	21.762	193	135	6	50	234	53	237	1.87e-07	46.2
1L3L_C	5L09_A	23.077	104	76	2	32	132	26	128	8.26e-05	37.7
1L3L_D	6CC0_A	24.645	211	143	4	27	228	27	230	6.44e-18	75.9
1L3L_D	6MWL_A	21.762	193	135	6	50	234	53	237	1.87e-07	46.2
1L3L_D	5L09_A	23.077	104	76	2	32	132	26	128	8.26e-05	37.7
1LFP_A	5EKZ_A	32.258	248	150	6	2	239	55	294	9.99e-32	114
1LKK_A	6ICG_A	40.230	87	45	3	6	92	3	82	2.48e-12	54.3
1LKK_A	5AUL_A	33.019	106	58	5	2	102	9	106	2.01e-05	36.6
1LS1_A	5L3S_A	37.828	267	160	3	31	292	33	298	3.25e-52	169
1LS1_A	5X4B_A	27.174	92	57	4	146	237	21	102	0.008	32.0
1LSL_A	6S08_A	37.391	115	61	4	3	108	5	117	1.57e-14	62.8
1LSL_A	6S08_A	53.846	52	24	0	58	109	3	54	8.09e-14	60.8
1LSL_A	6S08_A	31.373	102	58	5	2	93	62	161	1.06e-08	47.0
1LSL_A	6S08_B	39.623	53	31	1	5	56	55	107	4.05e-05	35.8
1LSL_A	6S08_B	41.509	53	30	1	62	113	55	107	1.75e-04	34.3
1LSL_A	6B0S_C	37.255	51	26	2	9	57	27	73	1.72e-04	33.5
1LSL_A	6B0S_C	39.216	51	22	4	65	113	29	72	0.006	29.6
1M0K_A	5ZIM_A	100.000	228	0	0	18	245	1	228	3.52e-163	447
1M0K_A	6NWD_A	29.775	178	112	4	95	262	118	292	1.33e-14	67.8
1M0K_A	5JSI_A	24.424	217	139	8	36	245	19	217	1.30e-08	49.7
1M0K_A	4XTL_A	25.940	266	141	14	8	236	16	262	2.68e-07	46.2
1M1F_A	5CK9_A	30.682	88	56	1	2	89	8	90	3.69e-11	52.0
1M1F_A	5DLO_A	29.000	100	69	2	3	101	17	115	1.81e-08	45.1
1M1F_B	5CK9_A	30.682	88	56	1	2	89	8	90	3.69e-11	52.0
1M1F_B	5DLO_A	29.000	100	69	2	3	101	17	115	1.81e-08	45.1
1M56_B	5B1A_B	35.200	250	122	8	13	253	4	222	8.62e-44	144
1M56_B	5NDC_B	28.571	70	50	0	175	244	97	166	2.02e-06	42.7
1M56_C	5B1A_C	48.289	263	130	3	5	266	4	261	8.56e-87	255
1M56_H	5B1A_B	35.200	250	122	8	13	253	4	222	8.62e-44	144
1M56_H	5NDC_B	28.571	70	50	0	175	244	97	166	2.02e-06	42.7
1M56_I	5B1A_C	48.289	263	130	3	5	266	4	261	8.56e-87	255
1MC2_A	6MQD_A	78.992	119	24	1	1	118	1	119	3.34e-67	194
1MF7_A	5HGJ_A	31.443	194	122	5	7	192	3	193	6.45e-23	87.0
1MG4_A	5IKC_M	80.899	89	17	0	15	103	2	90	1.45e-50	151
1MG4_A	6B4A_A	26.882	93	63	3	20	112	17	104	5.75e-07	40.8
1MJ4_A	3X34_A	35.526	76	46	2	7	82	12	84	2.93e-09	45.4
1MKY_A	5X4B_A	38.509	161	96	2	4	164	5	162	6.39e-35	123
1MKY_A	5X4B_A	31.655	139	91	2	183	321	5	139	9.01e-16	70.5
1MKY_A	6G14_A	28.235	170	115	3	70	238	12	175	1.29e-07	48.5
1MKY_A	6G14_A	42.373	59	27	2	4	60	123	176	2.81e-06	44.3
1MKY_A	5UCV_A	25.000	136	89	4	181	310	32	160	3.04e-04	37.7
1MLA_A	6APF_A	40.000	285	160	6	5	288	3	277	7.45e-60	189
1MVF_A	5YD4_A	37.903	124	68	2	1	124	1	115	9.16e-25	91.3
1MVF_A	5YD4_A	30.337	89	52	4	11	96	150	231	2.95e-04	35.0
1MVF_A	6CPH_E	28.736	87	57	3	13	99	14	95	3.21e-06	40.8
1MVF_A	6CPH_D	28.736	87	53	4	12	97	13	91	4.18e-04	34.3
1MVF_B	5YD4_A	37.903	124	68	2	1	124	1	115	9.16e-25	91.3
1MVF_B	5YD4_A	30.337	89	52	4	11	96	150	231	2.95e-04	35.0
1MVF_B	6CPH_E	28.736	87	57	3	13	99	14	95	3.21e-06	40.8
1MVF_B	6CPH_D	28.736	87	53	4	12	97	13	91	4.18e-04	34.3
1N62_A	5G5G_A	40.120	167	84	2	6	157	63	228	2.67e-34	116
1N62_C	4ZOH_B	37.544	285	171	3	1	285	1	278	3.41e-61	191
1N62_D	5G5G_A	40.120	167	84	2	6	157	63	228	2.67e-34	116
1N62_F	4ZOH_B	37.544	285	171	3	1	285	1	278	3.41e-61	191
1NC7_A	6FMX_A	100.000	13	0	0	11	23	8	20	0.002	32.3
1NC7_B	6FMX_A	100.000	13	0	0	11	23	8	20	0.002	32.3
1NC7_C	6FMX_A	100.000	13	0	0	11	23	8	20	0.002	32.3
1NC7_D	6FMX_A	100.000	13	0	0	11	23	8	20	0.002	32.3
1NH2_B	5M4S_A	38.636	44	27	0	6	49	112	155	3.58e-09	45.4
1NH2_C	5M4S_A	51.111	45	22	0	34	78	165	209	1.24e-12	56.2
1NH2_D	5M4S_A	38.261	115	57	2	6	120	2	102	1.16e-24	89.4
1NKI_A	5V91_A	65.441	136	44	1	1	133	1	136	1.18e-59	177
1NKI_A	6A4X_A	29.268	123	68	3	1	110	4	120	1.76e-07	43.1
1NKI_A	6BU2_A	47.500	40	18	1	1	37	10	49	2.90e-04	34.7
1NKI_B	5V91_A	65.441	136	44	1	1	133	1	136	1.18e-59	177
1NKI_B	6A4X_A	29.268	123	68	3	1	110	4	120	1.76e-07	43.1
1NKI_B	6BU2_A	47.500	40	18	1	1	37	10	49	2.90e-04	34.7
1NKP_A	6G6K_A	96.471	85	3	0	4	88	10	94	1.86e-54	160
1NKP_B	6G6K_A	55.102	49	21	1	2	49	12	60	5.55e-13	55.1
1NKP_B	6G1L_A	29.630	81	51	2	2	80	30	106	0.003	30.0
1NKP_D	6G6K_A	96.471	85	3	0	4	88	10	94	1.86e-54	160
1NKP_E	6G6K_A	55.102	49	21	1	2	49	12	60	5.55e-13	55.1
1NKP_E	6G1L_A	29.630	81	51	2	2	80	30	106	0.003	30.0
1NQJ_A	5IKU_A	99.153	118	1	0	2	119	123	240	2.12e-81	234
1NQJ_A	5IKU_A	30.909	110	76	0	9	118	11	120	8.79e-11	53.1
1NQJ_B	5IKU_A	99.153	118	1	0	2	119	123	240	2.12e-81	234
1NQJ_B	5IKU_A	30.909	110	76	0	9	118	11	120	8.79e-11	53.1
1NRJ_B	5DE3_A	24.060	133	92	4	15	146	3	127	3.03e-05	38.9
1NTY_A	5O33_B	91.111	180	16	0	8	187	1	180	1.07e-126	355
1NTY_A	5N7E_B	20.732	164	113	5	10	157	16	178	1.88e-04	37.7
1NU9_A	5MN1_A	35.827	254	129	9	33	286	1	220	3.99e-42	140
1NU9_A	6PX5_X	100.000	32	0	0	1	32	121	152	4.72e-15	67.0
1NU9_D	5MN1_A	35.827	254	129	9	33	286	1	220	3.99e-42	140
1NU9_D	6PX5_X	100.000	32	0	0	1	32	121	152	4.72e-15	67.0
1NVU_Q	6P0Z_A	93.333	165	11	0	2	166	1	165	3.00e-109	304
1NVU_R	6P0Z_A	93.333	165	11	0	2	166	1	165	3.00e-109	304
1NWZ_A	6MMD_A	99.200	125	1	0	1	125	1	125	5.51e-92	257
1O7J_A	5B74_A	25.862	174	117	6	7	179	3	165	3.35e-11	57.4
1O7J_B	5B74_A	25.862	174	117	6	7	179	3	165	3.35e-11	57.4
1O7J_C	5B74_A	25.862	174	117	6	7	179	3	165	3.35e-11	57.4
1O7J_D	5B74_A	25.862	174	117	6	7	179	3	165	3.35e-11	57.4
1O7Q_A	5BXC_A	45.255	274	148	2	15	287	24	296	5.62e-86	255
1O7Q_B	5BXC_A	45.255	274	148	2	15	287	24	296	5.62e-86	255
1O8B_A	5UF2_A	52.778	216	102	0	2	217	11	226	8.50e-75	222
1O8B_B	5UF2_A	52.778	216	102	0	2	217	11	226	8.50e-75	222
1OAI_A	6IEW_A	28.070	57	41	0	1	57	2	58	7.99e-06	35.8
1OAI_A	6EXZ_A	26.316	57	40	1	3	59	17	71	0.001	30.0
1OC0_A	6BJ5_F	45.455	33	18	0	346	378	4	36	1.56e-05	38.1
1OFZ_A	6F37_A	32.692	104	56	6	107	207	21	113	6.72e-06	40.4
1OFZ_A	6F37_A	30.769	104	54	5	208	306	23	113	0.001	34.3
1OFZ_A	6F37_A	33.735	83	41	4	76	157	40	109	0.003	32.7
1OFZ_B	6F37_A	32.692	104	56	6	107	207	21	113	6.72e-06	40.4
1OFZ_B	6F37_A	30.769	104	54	5	208	306	23	113	0.001	34.3
1OFZ_B	6F37_A	33.735	83	41	4	76	157	40	109	0.003	32.7
1OO0_B	5T9P_A	29.268	82	57	1	28	109	12	92	1.84e-10	50.1
1OO0_B	6ES4_A	29.870	77	53	1	26	101	142	218	8.09e-06	38.5
1OO0_B	6NCQ_A	25.581	86	58	1	18	103	16	95	2.34e-05	37.4
1OO0_B	6NX5_A	29.688	64	37	2	26	88	3	59	3.76e-04	32.7
1OO0_B	4YUD_A	23.611	72	54	1	29	100	13	83	7.67e-04	32.0
1OR7_A	6IN7_B	65.969	191	64	1	4	193	1	191	2.04e-91	261
1OR7_A	5UXX_A	31.724	145	79	3	51	193	35	161	7.35e-14	62.4
1OR7_A	6DXO_A	24.706	170	92	5	13	180	3	138	8.00e-06	40.0
1OR7_B	6IN7_B	65.969	191	64	1	4	193	1	191	2.04e-91	261
1OR7_B	5UXX_A	31.724	145	79	3	51	193	35	161	7.35e-14	62.4
1OR7_B	6DXO_A	24.706	170	92	5	13	180	3	138	8.00e-06	40.0
1OR7_C	6IN7_A	40.909	44	23	1	3	43	8	51	0.001	30.8
1OR7_F	6IN7_A	40.909	44	23	1	3	43	8	51	0.001	30.8
1ORJ_A	5MAW_E	24.060	133	91	5	1	130	3	128	7.97e-07	41.2
1ORJ_A	5XEF_A	23.478	115	80	4	6	117	7	116	0.002	32.0
1ORJ_B	5MAW_E	24.060	133	91	5	1	130	3	128	7.97e-07	41.2
1ORJ_B	5XEF_A	23.478	115	80	4	6	117	7	116	0.002	32.0
1ORJ_C	5MAW_E	24.060	133	91	5	1	130	3	128	7.97e-07	41.2
1ORJ_C	5XEF_A	23.478	115	80	4	6	117	7	116	0.002	32.0
1ORJ_D	5MAW_E	24.060	133	91	5	1	130	3	128	7.97e-07	41.2
1ORJ_D	5XEF_A	23.478	115	80	4	6	117	7	116	0.002	32.0
1OXX_K	5X40_A	30.165	242	164	4	1	240	13	251	8.82e-28	106
1OXX_K	6AMX_A	27.184	206	134	3	21	226	36	225	1.73e-22	90.9
1OXX_K	6GJS_A	30.387	181	93	5	2	172	5	162	1.86e-16	73.6
1OXX_K	5EUM_A	25.941	239	146	7	7	230	21	243	3.24e-14	67.4
1OZJ_A	5OD6_A	100.000	125	0	0	11	135	4	128	7.17e-93	260
1OZJ_B	5OD6_A	100.000	125	0	0	11	135	4	128	7.17e-93	260
1OZN_A	5Y30_A	28.161	174	101	2	109	282	51	200	3.42e-18	77.0
1OZN_A	5Y30_A	26.061	165	92	3	2	166	22	156	2.29e-10	55.1
1OZN_A	6FG8_A	35.294	68	42	1	168	235	86	151	2.06e-04	37.7
1P1X_A	5C6M_A	68.846	260	77	3	2	260	1	257	6.96e-123	347
1P1X_B	5C6M_A	68.846	260	77	3	2	260	1	257	6.96e-123	347
1P6O_A	5XKR_A	29.000	100	64	4	12	110	9	102	2.36e-04	35.4
1P6O_B	5XKR_A	29.000	100	64	4	12	110	9	102	2.36e-04	35.4
1PFO_A	5CR8_A	61.765	102	39	0	392	493	3	104	4.25e-43	144
1PI1_A	5XQZ_A	100.000	185	0	0	1	185	9	193	2.68e-143	392
1PI1_A	5YF4_A	24.390	164	112	4	9	170	5	158	4.05e-10	52.0
1PPJ_E	5CXM_A	31.579	57	38	1	138	194	53	108	5.17e-07	42.7
1PPJ_R	5CXM_A	31.579	57	38	1	138	194	53	108	5.17e-07	42.7
1PUC_A	6GU2_C	52.632	76	27	1	23	98	10	76	6.66e-24	83.2
1PVM_A	5NMU_A	28.226	124	87	2	5	127	1	123	1.73e-12	59.3
1PVM_A	6H1W_A	22.656	128	91	3	9	133	1	123	0.004	32.3
1PVM_B	5NMU_A	28.226	124	87	2	5	127	1	123	1.73e-12	59.3
1PVM_B	6H1W_A	22.656	128	91	3	9	133	1	123	0.004	32.3
1Q6Z_A	6N2N_B	34.426	61	37	2	404	462	78	137	0.006	34.3
1Q74_A	4XLZ_A	24.551	167	95	5	1	163	28	167	3.39e-05	40.0
1Q74_B	4XLZ_A	24.551	167	95	5	1	163	28	167	3.39e-05	40.0
1Q74_C	4XLZ_A	24.551	167	95	5	1	163	28	167	3.39e-05	40.0
1Q74_D	4XLZ_A	24.551	167	95	5	1	163	28	167	3.39e-05	40.0
1Q8D_A	5MR5_C	55.455	110	47	1	1	108	101	210	1.20e-40	130
1QQP_1	5NE4_1	87.678	211	26	0	1	211	1	211	6.36e-144	395
1QQP_2	5NE4_2	99.083	218	2	0	1	218	1	218	7.63e-166	451
1QQP_2	5BNP_B	24.066	241	149	5	4	212	3	241	4.90e-14	64.7
1QQP_3	5C8C_C	25.941	239	147	5	3	218	2	233	3.81e-17	73.6
1QQP_3	5AOO_C	25.521	192	132	5	28	213	28	214	5.07e-13	61.6
1QQP_3	5AOO_A	28.571	77	51	2	91	163	89	165	0.002	33.9
1QQP_4	5NE4_4	95.294	85	4	0	1	85	1	85	4.89e-54	158
1QTN_A	6CL0_A	41.558	154	80	3	11	164	32	175	9.85e-37	120
1R0R_E	5AMX_A	39.648	227	118	7	28	246	35	250	1.68e-37	129
1R0R_I	5JHW_C	40.000	35	21	0	17	51	253	287	7.70e-04	30.8
1R0R_I	5JHW_C	37.143	35	22	0	17	51	101	135	0.002	29.6
1R0R_I	5JHW_C	35.556	45	27	1	7	51	168	210	0.003	29.3
1R0R_I	5DAE_A	57.143	21	9	0	10	30	6	26	0.008	26.9
1R29_A	5X9O_A	96.825	126	4	0	2	127	16	141	8.20e-88	247
1R29_A	6I2M_A	26.316	114	82	2	11	123	2	114	3.18e-10	52.0
1R5L_A	5MUE_A	100.000	228	0	0	32	259	1	228	1.71e-173	473
1R6J_A	6AK2_A	29.487	78	50	3	6	78	3	80	3.57e-04	32.0
1R6J_A	5OAK_A	40.541	37	22	0	34	70	42	78	0.004	29.6
1R8S_A	5DE3_A	48.125	160	83	0	2	161	2	161	1.05e-52	161
1R8S_A	5YMX_A	29.310	116	73	4	46	157	74	184	9.32e-06	39.7
1R8S_E	4Z21_A	97.525	202	5	0	2	203	1	202	1.78e-149	409
1R9F_A	6BJV_A	90.977	133	12	0	4	136	26	158	1.24e-93	264
1RC9_A	6IMF_A	87.783	221	27	0	1	221	1	221	1.77e-150	413
1RC9_A	5JYS_A	31.884	69	44	2	90	158	226	291	1.82e-07	46.2
1RG8_A	5X1O_A	55.474	137	59	1	9	145	12	146	5.74e-50	153
1RG8_B	5X1O_A	55.474	137	59	1	9	145	12	146	5.74e-50	153
1RK8_A	5T9P_A	29.348	92	62	2	74	163	12	102	5.24e-10	50.1
1RK8_A	6ES4_A	28.889	90	57	2	65	147	129	218	1.42e-05	39.3
1RK8_A	6NCQ_A	25.581	86	58	1	64	149	16	95	1.66e-04	36.6
1RK8_A	6NX5_A	29.688	64	37	2	72	134	3	59	8.57e-04	32.7
1RK8_A	4YUD_A	23.611	72	54	1	75	146	13	83	0.002	32.0
1RL6_A	4YBB_CG	49.425	174	88	0	1	174	1	174	1.24e-56	172
1ROC_A	5UCB_B	100.000	153	0	0	3	155	1	153	3.96e-112	310
1RSS_A	6JMK_A	54.667	150	68	0	2	151	8	157	4.64e-56	169
1RWI_A	4ZLR_A	23.558	208	129	9	68	255	27	224	1.19e-06	44.3
1RWI_A	4ZLR_A	25.203	123	85	3	11	129	105	224	0.004	33.9
1RWI_B	4ZLR_A	23.558	208	129	9	68	255	27	224	1.19e-06	44.3
1RWI_B	4ZLR_A	25.203	123	85	3	11	129	105	224	0.004	33.9
1RYQ_A	4ZN3_B	43.548	62	34	1	8	69	11	71	5.70e-15	58.9
1S2X_A	5H29_A	26.351	148	88	4	6	140	31	170	0.008	32.0
1SEI_A	4YBB_AH	50.000	128	63	1	2	129	2	128	1.86e-42	132
1SEI_B	4YBB_AH	50.000	128	63	1	2	129	2	128	1.86e-42	132
1SG4_A	5O34_A	25.108	231	151	6	12	222	52	280	1.05e-08	50.4
1SG4_B	5O34_A	25.108	231	151	6	12	222	52	280	1.05e-08	50.4
1SG4_C	5O34_A	25.108	231	151	6	12	222	52	280	1.05e-08	50.4
1SJ7_A	5NL1_A	100.000	154	0	0	1	154	3	156	3.96e-112	311
1SJ7_B	5NL1_A	100.000	154	0	0	1	154	3	156	3.96e-112	311
1SJ7_C	5NL1_A	100.000	154	0	0	1	154	3	156	3.96e-112	311
1SLU_B	5MN1_A	73.543	223	59	0	1	223	1	223	2.84e-127	355
1SVB_A	5KVG_E	31.731	104	62	4	297	392	1	103	5.10e-13	60.8
1T8K_A	5ZWS_A	44.776	67	37	0	6	72	10	76	3.91e-15	60.1
1T8K_A	5CZD_B	45.714	35	19	0	29	63	32	66	0.002	29.6
1T9I_A	6FB0_A	93.464	153	10	0	2	154	1	153	4.42e-104	291
1T9I_A	5GKK_A	29.825	57	40	0	12	68	7	63	0.004	32.0
1T9I_B	6FB0_A	93.464	153	10	0	2	154	1	153	4.42e-104	291
1T9I_B	5GKK_A	29.825	57	40	0	12	68	7	63	0.004	32.0
1TJX_A	5VFE_A	39.200	125	72	2	9	131	1	123	1.07e-25	91.3
1TJX_A	5A51_A	32.955	88	50	4	25	112	18	96	8.01e-06	39.7
1TJX_A	6IEJ_A	27.848	79	52	2	27	102	7	83	0.002	32.3
1TJX_A	6EEL_A	30.769	104	60	5	27	126	6	101	0.006	30.8
1TX4_A	5IRC_A	30.405	148	101	2	23	168	20	167	1.43e-23	89.0
1TX4_B	6P0Z_A	29.814	161	96	4	16	174	15	160	2.74e-16	68.6
1TX4_B	5YMX_A	26.705	176	105	8	5	160	14	185	0.007	31.6
1U2H_A	6HCI_A	33.333	93	58	2	6	96	11	101	8.12e-12	52.8
1U2H_A	6A77_A	27.174	92	64	2	6	97	3	91	1.77e-06	38.9
1U2H_A	6H4L_A	26.582	79	57	1	20	98	23	100	2.09e-04	33.5
1U2H_A	5AEA_A	30.159	63	41	3	37	97	33	94	0.004	30.0
1U2H_A	6J6Y_A	24.390	82	62	0	15	96	20	101	0.007	29.6
1U5P_A	5J4O_A	61.395	215	83	0	2	216	11	225	3.08e-93	268
1U5P_A	5J4O_A	32.110	109	74	0	8	116	123	231	7.14e-13	61.2
1U5P_A	5J4O_A	31.532	111	76	0	104	214	7	117	5.65e-10	53.1
1U7Z_A	5INT_A	43.925	214	115	4	4	216	2	211	1.74e-50	160
1U7Z_B	5INT_A	43.925	214	115	4	4	216	2	211	1.74e-50	160
1U7Z_C	5INT_A	43.925	214	115	4	4	216	2	211	1.74e-50	160
1U94_A	6R3P_A	27.149	221	129	10	35	231	14	226	1.03e-11	60.1
1UCS_A	5XQP_A	61.667	60	23	0	4	63	4	63	5.61e-19	68.6
1UPT_A	5DE3_A	48.750	160	82	0	9	168	2	161	4.56e-56	170
1UPT_A	6IA7_A	27.660	94	50	2	8	83	10	103	3.92e-04	35.4
1UPT_C	5DE3_A	48.750	160	82	0	9	168	2	161	4.56e-56	170
1UPT_C	6IA7_A	27.660	94	50	2	8	83	10	103	3.92e-04	35.4
1UPT_E	5DE3_A	48.750	160	82	0	9	168	2	161	4.56e-56	170
1UPT_E	6IA7_A	27.660	94	50	2	8	83	10	103	3.92e-04	35.4
1UPT_G	5DE3_A	48.750	160	82	0	9	168	2	161	4.56e-56	170
1UPT_G	6IA7_A	27.660	94	50	2	8	83	10	103	3.92e-04	35.4
1US0_A	5C7H_A	30.405	296	157	9	5	289	8	265	1.64e-32	117
1US7_A	5J2X_A	70.476	210	61	1	2	211	1	209	4.88e-108	305
1V58_A	6NEN_A	52.174	23	11	0	93	115	26	48	0.001	34.3
1V58_B	6NEN_A	52.174	23	11	0	93	115	26	48	0.001	34.3
1V6P_A	5XWE_A	42.373	59	34	0	3	61	24	82	1.81e-13	55.1
1V6P_B	5XWE_A	42.373	59	34	0	3	61	24	82	1.81e-13	55.1
1VBW_A	5FFN_I	35.294	68	44	0	1	68	5	72	2.69e-13	54.7
1VD6_A	5T9C_E	26.877	253	142	8	7	219	12	261	2.69e-15	68.9
1VF6_A	6ETL_A	100.000	14	0	0	65	78	1	14	6.88e-05	34.7
1VF6_B	6ETL_A	100.000	14	0	0	65	78	1	14	6.88e-05	34.7
1VF7_A	5C22_A	32.203	59	40	0	45	103	5	63	0.002	35.4
1VF7_B	5C22_A	32.203	59	40	0	45	103	5	63	0.002	35.4
1VF7_C	5C22_A	32.203	59	40	0	45	103	5	63	0.002	35.4
1VF7_D	5C22_A	32.203	59	40	0	45	103	5	63	0.002	35.4
1VF7_E	5C22_A	32.203	59	40	0	45	103	5	63	0.002	35.4
1VF7_F	5C22_A	32.203	59	40	0	45	103	5	63	0.002	35.4
1VF7_G	5C22_A	32.203	59	40	0	45	103	5	63	0.002	35.4
1VF7_H	5C22_A	32.203	59	40	0	45	103	5	63	0.002	35.4
1VF7_I	5C22_A	32.203	59	40	0	45	103	5	63	0.002	35.4
1VF7_J	5C22_A	32.203	59	40	0	45	103	5	63	0.002	35.4
1VF7_K	5C22_A	32.203	59	40	0	45	103	5	63	0.002	35.4
1VF7_L	5C22_A	32.203	59	40	0	45	103	5	63	0.002	35.4
1VF7_M	5C22_A	32.203	59	40	0	45	103	5	63	0.002	35.4
1VI6_A	4YBB_AB	26.009	223	110	6	15	185	5	224	1.32e-11	57.4
1VI6_B	4YBB_AB	26.009	223	110	6	15	185	5	224	1.32e-11	57.4
1VI6_C	4YBB_AB	26.009	223	110	6	15	185	5	224	1.32e-11	57.4
1VI6_D	4YBB_AB	26.009	223	110	6	15	185	5	224	1.32e-11	57.4
1VK1_A	5X0B_A	87.603	242	30	0	1	242	1	242	2.28e-154	424
1VK1_A	5UJD_A	31.343	67	45	1	20	86	12	77	0.004	33.1
1VKE_A	5DIK_A	32.353	102	60	3	3	104	10	102	4.59e-10	49.7
1VKE_B	5DIK_A	32.353	102	60	3	3	104	10	102	4.59e-10	49.7
1VKE_C	5DIK_A	32.353	102	60	3	3	104	10	102	4.59e-10	49.7
1VKE_D	5DIK_A	32.353	102	60	3	3	104	10	102	4.59e-10	49.7
1VKE_E	5DIK_A	32.353	102	60	3	3	104	10	102	4.59e-10	49.7
1VKE_F	5DIK_A	32.353	102	60	3	3	104	10	102	4.59e-10	49.7
1VLR_A	6CVO_A	31.746	63	43	0	237	299	49	111	2.38e-05	40.0
1VLR_B	6CVO_A	31.746	63	43	0	237	299	49	111	2.38e-05	40.0
1VLY_A	5OUO_A	28.571	147	71	7	145	264	25	164	3.21e-04	37.4
1VMB_A	4YBB_AF	29.348	92	63	2	19	110	2	91	5.30e-08	44.3
1VQ8_A	4YBB_CC	45.405	185	92	4	37	217	71	250	1.54e-44	146
1VQ8_B	4YBB_CD	28.571	133	78	4	187	318	93	209	4.71e-05	39.7
1VQ8_C	5TQB_A	32.171	258	157	7	4	243	8	265	2.83e-25	96.7
1VQ8_D	4YBB_CF	38.667	150	75	3	14	152	25	168	9.55e-25	90.9
1VQ8_E	4YBB_CG	26.351	148	103	4	8	154	10	152	1.21e-07	45.1
1VQ8_F	6Q8U_C	50.427	117	58	0	4	120	6	122	2.20e-42	132
1VQ8_I	5COL_A	52.564	156	73	1	5	159	6	161	6.43e-55	166
1VQ8_J	4YBB_CK	26.190	126	73	4	11	117	17	141	2.30e-07	43.1
1VQ8_K	4Y4O_1O	40.496	121	64	3	12	128	2	118	9.35e-23	82.4
1VQ8_L	4YBB_CM	29.927	137	68	9	10	142	31	143	0.001	33.1
1VQ8_S	4YBB_CU	40.385	52	31	0	4	55	9	60	3.77e-08	42.7
1VQ8_T	4ZN3_A	42.000	50	23	2	43	92	89	132	3.52e-04	33.9
1VQ8_V	4Y4O_12	31.667	60	40	1	5	64	9	67	3.13e-04	31.6
1W6S_B	5XM3_B	74.242	66	17	0	1	66	25	90	9.43e-34	107
1W6S_D	5XM3_B	74.242	66	17	0	1	66	25	90	9.43e-34	107
1WDD_S	5IU0_I	72.131	122	33	1	1	121	56	177	1.64e-64	190
1WDD_W	5IU0_I	72.131	122	33	1	1	121	56	177	1.64e-64	190
1WHI_A	4Y4O_1O	65.574	122	42	0	1	122	1	122	3.52e-56	167
1WLG_A	6JF2_A	39.394	66	32	2	3	68	52	109	2.25e-06	43.1
1WLG_A	6JF2_A	35.294	85	54	1	215	298	101	185	3.91e-06	42.4
1WLG_B	6JF2_A	39.394	66	32	2	3	68	52	109	2.25e-06	43.1
1WLG_B	6JF2_A	35.294	85	54	1	215	298	101	185	3.91e-06	42.4
1WU9_A	5M97_A	38.667	75	35	2	2	65	1	75	1.66e-10	48.1
1WU9_B	5M97_A	38.667	75	35	2	2	65	1	75	1.66e-10	48.1
1WUB_A	5IXG_A	32.530	166	105	4	3	162	4	168	5.34e-23	86.3
1WUI_S	6RTP_A	40.780	282	142	9	5	266	6	282	8.17e-61	190
1X6O_A	5HY6_A	46.452	155	76	2	15	169	6	153	7.23e-46	144
1X8Q_A	4XMH_A	41.667	180	102	3	2	180	5	182	1.07e-42	137
1XBI_A	6Q8U_C	60.000	120	44	2	5	120	4	123	8.77e-45	138
1XEO_A	5MTE_A	38.261	115	67	2	26	139	23	134	2.72e-20	77.8
1XG0_C	5NB4_A	24.444	135	102	0	1	135	1	135	7.08e-12	56.6
1XG0_C	4XXI_A	28.283	99	54	2	9	105	7	90	1.68e-08	47.4
1XG0_D	5NB4_A	24.444	135	102	0	1	135	1	135	7.08e-12	56.6
1XG0_D	4XXI_A	28.283	99	54	2	9	105	7	90	1.68e-08	47.4
1XM3_A	5Z9Y_A	48.996	249	125	1	2	250	4	250	2.05e-69	211
1XM3_A	6HXG_B	37.500	64	37	2	167	227	188	251	6.37e-06	42.0
1XM3_B	5Z9Y_A	48.996	249	125	1	2	250	4	250	2.05e-69	211
1XM3_B	6HXG_B	37.500	64	37	2	167	227	188	251	6.37e-06	42.0
1XM3_C	5Z9Y_A	48.996	249	125	1	2	250	4	250	2.05e-69	211
1XM3_C	6HXG_B	37.500	64	37	2	167	227	188	251	6.37e-06	42.0
1XM3_D	5Z9Y_A	48.996	249	125	1	2	250	4	250	2.05e-69	211
1XM3_D	6HXG_B	37.500	64	37	2	167	227	188	251	6.37e-06	42.0
1XMK_A	5J6X_A	30.137	73	47	3	1	70	1	72	5.21e-06	36.6
1XSZ_A	4Z21_A	42.308	182	94	5	18	196	22	195	1.68e-37	129
1XSZ_B	4Z21_A	42.308	182	94	5	18	196	22	195	1.68e-37	129
1XU1_A	5Y9J_A	40.323	124	64	3	22	138	31	151	4.57e-26	92.0
1XU1_A	6I50_A	34.343	99	62	2	43	138	62	160	7.93e-12	55.5
1XU1_A	5M2J_A	30.000	110	58	5	31	121	31	140	3.28e-05	37.4
1XU1_B	5Y9J_A	40.323	124	64	3	22	138	31	151	4.57e-26	92.0
1XU1_B	6I50_A	34.343	99	62	2	43	138	62	160	7.93e-12	55.5
1XU1_B	5M2J_A	30.000	110	58	5	31	121	31	140	3.28e-05	37.4
1XU1_D	5Y9J_A	40.323	124	64	3	22	138	31	151	4.57e-26	92.0
1XU1_D	6I50_A	34.343	99	62	2	43	138	62	160	7.93e-12	55.5
1XU1_D	5M2J_A	30.000	110	58	5	31	121	31	140	3.28e-05	37.4
1XVS_A	5HDW_A	35.537	121	72	2	8	122	10	130	2.43e-13	58.5
1XVS_B	5HDW_A	35.537	121	72	2	8	122	10	130	2.43e-13	58.5
1Y0P_A	6EE7_A	36.364	88	38	5	4	86	5	79	2.18e-07	45.1
1YK4_A	5NW3_A	86.538	52	7	0	1	52	2	53	1.33e-30	97.1
1YT3_A	5ZO3_A	30.588	170	114	3	17	183	20	188	4.52e-14	66.6
1YT3_A	6K17_A	29.054	148	88	4	22	155	27	171	2.05e-04	37.7
1Z0J_A	6P0Z_A	29.139	151	104	3	18	167	14	162	7.08e-15	64.7
1Z0W_A	5LKQ_A	30.061	163	96	7	30	186	48	198	9.99e-13	60.1
1Z2U_A	6MQ5_A	34.375	64	37	2	78	136	138	201	1.25e-04	36.6
1Z3E_A	6GHO_A	100.000	131	0	0	2	132	2	132	4.32e-96	268
1Z3X_A	4XKB_A	46.696	227	119	1	11	237	5	229	2.72e-72	216
1Z8G_A	5MN1_A	39.431	246	125	7	118	362	1	223	1.16e-47	157
1ZAT_A	5BMQ_A	31.496	127	65	6	129	250	128	237	4.31e-08	48.1
1ZAT_A	5V6B_A	35.897	39	24	1	7	45	26	63	0.009	32.3
1ZGK_A	5YQ4_A	42.361	288	160	3	22	307	14	297	1.83e-72	221
1ZGK_A	5YQ4_A	41.753	194	108	2	23	215	110	299	1.01e-42	145
1ZIN_A	6F7U_A	45.413	218	110	2	1	213	1	214	1.38e-64	195
1ZOQ_A	5JEL_A	100.000	191	0	0	1	191	11	201	9.48e-142	390
1ZOQ_B	5JEL_A	100.000	191	0	0	1	191	11	201	9.48e-142	390
2A9S_A	5V01_A	42.500	120	65	1	12	131	21	136	1.82e-22	84.7
2A9S_B	5V01_A	42.500	120	65	1	12	131	21	136	1.82e-22	84.7
2AHM_A	5F22_A	100.000	88	0	0	1	88	1	88	1.21e-60	175
2AHM_B	5F22_A	100.000	88	0	0	1	88	1	88	1.21e-60	175
2AHM_C	5F22_A	100.000	88	0	0	1	88	1	88	1.21e-60	175
2AHM_D	5F22_A	100.000	88	0	0	1	88	1	88	1.21e-60	175
2AHM_E	5F22_B	97.727	132	3	0	72	203	3	134	5.90e-95	268
2AHM_F	5F22_B	97.727	132	3	0	72	203	3	134	5.90e-95	268
2AHM_G	5F22_B	97.727	132	3	0	72	203	3	134	5.90e-95	268
2AHM_H	5F22_B	97.727	132	3	0	72	203	3	134	5.90e-95	268
2ASK_A	5NMZ_A	47.059	102	50	2	12	112	3	101	4.72e-20	74.3
2ASK_B	5NMZ_A	47.059	102	50	2	12	112	3	101	4.72e-20	74.3
2AXW_A	5D55_A	46.218	119	63	1	1	118	12	130	1.28e-34	114
2AXW_B	5D55_A	46.218	119	63	1	1	118	12	130	1.28e-34	114
2AYD_A	5W3X_B	46.774	62	30	1	16	74	18	79	2.23e-16	62.8
2B59_A	5K39_A	46.296	162	87	0	18	179	3	164	9.54e-52	160
2B59_B	5M0Y_B	44.311	167	84	3	1	161	1	164	3.93e-43	137
2BKY_A	4Z9E_A	47.126	87	44	2	10	96	5	89	8.11e-25	85.9
2BKY_B	4Z9E_A	47.126	87	44	2	10	96	5	89	8.11e-25	85.9
2BKY_X	4Z9E_A	44.444	36	20	0	14	49	12	47	4.55e-05	34.7
2BKY_Y	4Z9E_A	44.444	36	20	0	14	49	12	47	4.55e-05	34.7
2BLN_A	6EDK_A	30.702	114	78	1	77	190	67	179	1.90e-12	61.2
2BLN_A	4ZZ1_A	25.850	147	95	3	50	185	47	190	1.70e-09	52.8
2BLN_A	5VYQ_A	27.419	124	73	4	69	184	67	181	9.50e-07	44.7
2BLN_B	6EDK_A	30.702	114	78	1	77	190	67	179	1.90e-12	61.2
2BLN_B	4ZZ1_A	25.850	147	95	3	50	185	47	190	1.70e-09	52.8
2BLN_B	5VYQ_A	27.419	124	73	4	69	184	67	181	9.50e-07	44.7
2BOP_A	6BUS_1	100.000	85	0	0	1	85	19	103	4.09e-63	182
2BTI_A	5DMB_D	50.000	58	29	0	4	61	3	60	1.87e-20	72.8
2BTI_B	5DMB_D	50.000	58	29	0	4	61	3	60	1.87e-20	72.8
2BV4_A	5NGQ_A	60.526	114	44	1	1	113	1	114	1.35e-45	139
2BV4_B	5NGQ_A	60.526	114	44	1	1	113	1	114	1.35e-45	139
2C0G_A	5V8Z_A	43.056	72	35	2	178	248	40	106	1.45e-07	44.7
2C0G_B	5V8Z_A	43.056	72	35	2	178	248	40	106	1.45e-07	44.7
2C2A_A	6BLK_A	31.469	143	87	5	91	232	4	136	2.73e-15	67.4
2C2A_A	5IDM_A	32.955	88	54	2	160	246	81	164	1.03e-06	43.5
2C2A_A	5B1N_A	36.842	57	34	1	13	67	7	63	0.002	32.3
2C60_A	4Y5O_B	91.837	98	8	0	14	111	29	126	1.18e-62	182
2C71_A	5N1P_A	27.411	197	123	6	5	187	2	192	1.23e-18	76.6
2C9W_A	6C7Y_B	44.898	98	48	2	5	102	14	105	1.14e-24	88.6
2C9W_A	6ICG_A	26.506	83	53	3	19	100	3	78	0.005	30.8
2C9W_A	6GME_A	24.390	82	57	2	24	102	19	98	0.006	31.6
2C9W_B	6GMR_B	100.000	118	0	0	1	118	1	118	3.55e-86	242
2C9W_C	6GFX_B	100.000	97	0	0	1	97	1	97	2.95e-71	202
2CB8_A	5H3G_A	51.282	78	38	0	3	80	7	84	1.56e-24	84.3
2CB8_B	5H3G_A	51.282	78	38	0	3	80	7	84	1.56e-24	84.3
2CIW_A	5FUK_A	27.570	214	131	6	17	227	4	196	2.27e-16	72.8
2CS7_A	6CSL_A	46.512	43	23	0	3	45	20	62	6.38e-11	48.1
2CS7_B	6CSL_A	46.512	43	23	0	3	45	20	62	6.38e-11	48.1
2CS7_C	6CSL_A	46.512	43	23	0	3	45	20	62	6.38e-11	48.1
2CX1_A	6MS4_A	25.926	162	104	7	23	178	26	177	4.15e-11	55.1
2D0O_B	5YRV_B	33.673	98	47	5	21	107	63	153	8.19e-06	38.9
2D0O_D	5YRV_B	33.673	98	47	5	21	107	63	153	8.19e-06	38.9
2D8D_A	5GMU_A	45.122	82	45	0	5	86	6	87	5.60e-23	80.5
2D8D_A	6AL9_A	30.233	86	58	1	1	86	5	88	2.38e-07	40.8
2D8D_A	5HUB_A	37.500	40	25	0	2	41	11	50	0.002	30.8
2D8D_B	5GMU_A	45.122	82	45	0	5	86	6	87	5.60e-23	80.5
2D8D_B	6AL9_A	30.233	86	58	1	1	86	5	88	2.38e-07	40.8
2D8D_B	5HUB_A	37.500	40	25	0	2	41	11	50	0.002	30.8
2DPF_A	5T1X_A	46.667	105	53	2	3	107	4	105	5.44e-24	84.7
2DPF_B	5T1X_A	46.667	105	53	2	3	107	4	105	5.44e-24	84.7
2DPF_C	5T1X_A	46.667	105	53	2	3	107	4	105	5.44e-24	84.7
2DPF_D	5T1X_A	46.667	105	53	2	3	107	4	105	5.44e-24	84.7
2DPL_A	5UDQ_A	21.649	194	121	7	22	201	20	196	0.004	33.9
2DPL_B	5UDQ_A	21.649	194	121	7	22	201	20	196	0.004	33.9
2DT8_A	6ALW_A	31.022	274	178	8	1	267	1	270	2.89e-34	121
2DT8_A	5V85_A	23.944	213	153	3	1	207	20	229	6.00e-20	83.6
2DXU_A	4XTV_A	31.839	223	113	9	33	230	58	266	1.21e-14	67.0
2DXU_A	6CK0_A	34.146	123	73	3	16	131	17	138	6.91e-11	55.8
2DXU_B	4XTV_A	31.839	223	113	9	33	230	58	266	1.21e-14	67.0
2DXU_B	6CK0_A	34.146	123	73	3	16	131	17	138	6.91e-11	55.8
2E0A_A	5CPH_A	30.508	59	33	2	231	289	45	95	0.002	34.7
2E0A_B	5CPH_A	30.508	59	33	2	231	289	45	95	0.002	34.7
2E3H_A	6FC6_A	34.722	72	46	1	1	71	7	78	3.39e-10	48.1
2ED6_A	5HLJ_A	23.881	134	97	3	33	161	33	166	6.04e-09	48.9
2ED6_B	5HLJ_A	23.881	134	97	3	33	161	33	166	6.04e-09	48.9
2ED6_C	5HLJ_A	23.881	134	97	3	33	161	33	166	6.04e-09	48.9
2ED6_D	5HLJ_A	23.881	134	97	3	33	161	33	166	6.04e-09	48.9
2ED6_E	5HLJ_A	23.881	134	97	3	33	161	33	166	6.04e-09	48.9
2ED6_F	5HLJ_A	23.881	134	97	3	33	161	33	166	6.04e-09	48.9
2ED6_G	5HLJ_A	23.881	134	97	3	33	161	33	166	6.04e-09	48.9
2ED6_H	5HLJ_A	23.881	134	97	3	33	161	33	166	6.04e-09	48.9
2ED6_I	5HLJ_A	23.881	134	97	3	33	161	33	166	6.04e-09	48.9
2ED6_J	5HLJ_A	23.881	134	97	3	33	161	33	166	6.04e-09	48.9
2ED6_K	5HLJ_A	23.881	134	97	3	33	161	33	166	6.04e-09	48.9
2ED6_L	5HLJ_A	23.881	134	97	3	33	161	33	166	6.04e-09	48.9
2ES4_A	5H6B_A	40.206	97	47	4	5	95	26	117	2.06e-10	56.2
2ES4_B	5H6B_A	40.206	97	47	4	5	95	26	117	2.06e-10	56.2
2F01_A	5N8B_A	100.000	127	0	0	1	127	37	163	2.27e-90	255
2F01_A	4Z2O_A	30.159	126	61	8	9	120	20	132	4.08e-04	33.9
2F01_B	5N8B_A	100.000	127	0	0	1	127	37	163	2.27e-90	255
2F01_B	4Z2O_A	30.159	126	61	8	9	120	20	132	4.08e-04	33.9
2F2B_A	5BN2_A	28.333	240	134	7	11	241	51	261	9.25e-15	67.8
2F69_A	5YLT_A	100.000	256	0	0	6	261	8	263	0.0	536
2FB5_A	6HVM_A	49.180	122	62	0	80	201	21	142	6.28e-36	120
2FB5_B	6HVM_A	49.180	122	62	0	80	201	21	142	6.28e-36	120
2FB5_C	6HVM_A	49.180	122	62	0	80	201	21	142	6.28e-36	120
2FCW_B	4ZRP_C	55.882	34	14	1	41	73	1	34	1.72e-06	38.5
2FCW_B	4ZRP_C	29.464	112	39	3	2	73	1	112	1.89e-06	38.5
2FJ8_A	5J4Q_B	45.652	46	24	1	68	112	8	53	1.55e-07	41.6
2FJ8_A	5J4Q_B	41.304	46	26	1	9	53	8	53	8.79e-04	32.0
2FTX_A	5T6J_B	100.000	89	0	0	2	90	4	92	1.51e-62	180
2FTX_B	5T6J_A	100.000	59	0	0	6	64	1	59	9.13e-38	115
2FVV_A	5LTU_A	73.988	173	39	1	23	189	1	173	1.29e-92	264
2FVV_A	6NCI_A	29.333	75	46	2	53	122	77	149	2.70e-04	36.2
2FVV_A	6D1V_B	24.107	112	73	3	35	145	4	104	0.003	32.7
2FYU_E	5CXM_A	31.579	57	38	1	138	194	53	108	5.17e-07	42.7
2G03_A	5EU0_A	35.897	39	24	1	88	125	136	174	7.63e-04	34.7
2G3R_A	5ZCJ_C	100.000	120	0	0	4	123	30	149	2.29e-87	248
2G3R_A	5VAR_A	28.090	89	55	3	1	81	2	89	3.02e-04	33.9
2G7S_A	5E57_A	38.182	55	34	0	7	61	7	61	3.48e-07	44.7
2G7S_A	5ZTC_A	37.736	53	33	0	9	61	2	54	4.52e-07	44.3
2G7S_A	6AYI_A	28.155	103	62	3	3	101	5	99	4.27e-05	38.5
2G7S_A	5K7F_A	28.000	75	54	0	13	87	21	95	9.44e-05	37.4
2G7S_A	5C4Y_A	30.645	62	40	1	13	74	6	64	1.88e-04	36.2
2G7S_A	5VL9_A	20.833	120	89	2	5	122	5	120	6.12e-04	35.0
2G7S_A	5GP9_A	27.419	62	43	1	1	62	1	60	0.002	33.1
2G7S_A	5X3R_A	22.807	57	44	0	6	62	14	70	0.003	33.1
2GEC_A	5N4K_A	41.860	86	44	3	45	128	61	142	7.03e-13	58.2
2GEC_B	5N4K_A	41.860	86	44	3	45	128	61	142	7.03e-13	58.2
2GFQ_A	6HCD_A	50.820	61	26	1	1	61	1	57	4.16e-04	35.8
2GFQ_A	6FMX_A	100.000	13	0	0	11	23	8	20	0.006	33.1
2GFQ_B	6HCD_A	50.820	61	26	1	1	61	1	57	4.16e-04	35.8
2GFQ_B	6FMX_A	100.000	13	0	0	11	23	8	20	0.006	33.1
2GFQ_C	6HCD_A	50.820	61	26	1	1	61	1	57	4.16e-04	35.8
2GFQ_C	6FMX_A	100.000	13	0	0	11	23	8	20	0.006	33.1
2GHV_C	5GYQ_A	30.337	89	62	0	22	110	17	105	8.92e-12	57.0
2GHV_C	6C6Z_A	23.926	163	115	5	10	168	17	174	0.001	34.3
2GHV_E	5GYQ_A	30.337	89	62	0	22	110	17	105	8.92e-12	57.0
2GHV_E	6C6Z_A	23.926	163	115	5	10	168	17	174	0.001	34.3
2GIB_A	5EPW_A	35.385	65	39	1	3	67	35	96	3.05e-09	47.0
2GIB_B	5EPW_A	35.385	65	39	1	3	67	35	96	3.05e-09	47.0
2GRR_B	5D2M_C	99.412	170	1	0	1	170	2	171	6.15e-123	339
2GUD_A	5YRH_A	31.111	45	29	1	53	97	73	115	0.002	31.6
2GUD_B	5YRH_A	31.111	45	29	1	53	97	73	115	0.002	31.6
2GYK_A	4UHP_B	46.154	91	43	2	1	86	1	90	5.30e-25	85.9
2GYK_B	4UHQ_A	47.619	126	66	0	6	131	1	126	6.57e-44	137
2GYK_E	4UHP_B	46.154	91	43	2	1	86	1	90	5.30e-25	85.9
2GYK_F	4UHQ_A	47.619	126	66	0	6	131	1	126	6.57e-44	137
2H88_B	4YSX_B	70.954	241	70	0	10	250	34	274	1.44e-133	374
2H88_C	4YSX_C	32.203	118	80	0	20	137	53	170	1.77e-18	73.6
2H88_D	4YSX_D	43.158	95	50	1	13	103	62	156	1.02e-20	77.0
2H88_O	4YSX_B	70.954	241	70	0	10	250	34	274	1.44e-133	374
2H88_P	4YSX_C	32.203	118	80	0	20	137	53	170	1.77e-18	73.6
2H88_Q	4YSX_D	43.158	95	50	1	13	103	62	156	1.02e-20	77.0
2HBA_A	4YBB_CH	45.098	51	28	0	1	51	1	51	5.61e-09	44.3
2HBA_B	4YBB_CH	45.098	51	28	0	1	51	1	51	5.61e-09	44.3
2HS1_A	5YOK_A	98.990	99	1	0	1	99	2	100	3.44e-68	195
2HS1_B	5YOK_A	98.990	99	1	0	1	99	2	100	3.44e-68	195
2HXM_A	5AYS_A	41.553	219	126	2	3	221	27	243	7.18e-56	174
2I0Z_A	4Y4N_A	53.333	30	14	0	28	57	54	83	0.004	34.7
2I1S_A	6MXV_A	28.889	45	32	0	112	156	191	235	0.008	32.0
2I1S_B	6MXV_A	28.889	45	32	0	112	156	191	235	0.008	32.0
2I53_A	5EFQ_B	100.000	257	0	0	2	258	12	268	0.0	540
2I53_A	5XS2_B	29.200	250	147	7	15	254	13	242	6.58e-17	73.9
2I53_A	6ATH_B	24.224	161	104	4	48	205	49	194	4.57e-05	39.3
2I5V_O	5B2A_O	97.610	251	6	0	1	251	1	251	8.42e-171	467
2IA7_A	5IW9_A	33.333	66	44	0	34	99	31	96	6.44e-09	47.0
2ICU_A	6KBX_B	100.000	221	0	0	9	229	1	221	7.26e-168	457
2ICU_A	5KO9_A	27.119	236	116	9	43	229	42	270	6.18e-18	76.3
2ICU_B	6KBX_B	100.000	221	0	0	9	229	1	221	7.26e-168	457
2ICU_B	5KO9_A	27.119	236	116	9	43	229	42	270	6.18e-18	76.3
2ICW_A	5NQ0_A	30.851	94	63	1	84	177	184	275	3.50e-09	50.4
2ICW_A	6C98_A	34.722	72	45	1	101	172	194	263	7.09e-07	43.5
2ICW_A	6CPH_E	27.551	98	60	2	84	170	123	220	1.19e-04	37.0
2ICW_B	5NQ0_A	25.946	185	125	5	10	188	96	274	1.29e-12	60.5
2ICW_B	5U66_A	36.782	87	48	4	96	177	109	193	3.50e-07	44.3
2ICW_B	6C98_A	23.602	161	110	4	33	187	113	266	3.13e-06	42.0
2ICW_B	4ZSO_E	33.333	78	43	2	116	184	144	221	5.19e-06	41.2
2ICW_B	6CPH_E	32.353	68	40	2	83	144	106	173	9.96e-06	40.4
2ICW_D	5NQ0_A	30.851	94	63	1	84	177	184	275	3.50e-09	50.4
2ICW_D	6C98_A	34.722	72	45	1	101	172	194	263	7.09e-07	43.5
2ICW_D	6CPH_E	27.551	98	60	2	84	170	123	220	1.19e-04	37.0
2ICW_E	5NQ0_A	25.946	185	125	5	10	188	96	274	1.29e-12	60.5
2ICW_E	5U66_A	36.782	87	48	4	96	177	109	193	3.50e-07	44.3
2ICW_E	6C98_A	23.602	161	110	4	33	187	113	266	3.13e-06	42.0
2ICW_E	4ZSO_E	33.333	78	43	2	116	184	144	221	5.19e-06	41.2
2ICW_E	6CPH_E	32.353	68	40	2	83	144	106	173	9.96e-06	40.4
2ICW_I	5YD4_A	36.937	111	59	5	3	107	142	247	2.58e-12	57.0
2ICW_I	5YD4_A	26.923	104	70	3	12	109	12	115	7.32e-05	36.2
2ICW_I	6CPH_E	32.174	115	70	4	2	110	3	115	2.72e-10	51.2
2ICW_I	6CPH_D	26.957	115	69	2	2	109	3	109	1.54e-07	43.5
2ICW_I	6BIT_G	27.358	106	69	4	3	104	6	107	0.001	32.0
2ICW_I	5EDX_A	25.000	92	64	3	4	91	5	95	0.007	29.6
2ICW_J	6CPH_E	38.261	115	66	2	1	110	1	115	2.66e-22	83.6
2ICW_J	5EB9_A	24.468	94	63	2	16	104	23	113	7.62e-05	35.4
2ICW_J	5EDX_A	30.097	103	60	4	7	101	6	104	3.88e-04	33.1
2ICW_J	6BIT_G	27.731	119	69	6	1	109	3	114	0.001	32.0
2ICW_J	5Z11_A	22.581	93	69	2	16	107	15	105	0.001	32.3
2ICW_K	5YD4_A	36.937	111	59	5	3	107	142	247	2.58e-12	57.0
2ICW_K	5YD4_A	26.923	104	70	3	12	109	12	115	7.32e-05	36.2
2ICW_K	6CPH_E	32.174	115	70	4	2	110	3	115	2.72e-10	51.2
2ICW_K	6CPH_D	26.957	115	69	2	2	109	3	109	1.54e-07	43.5
2ICW_K	6BIT_G	27.358	106	69	4	3	104	6	107	0.001	32.0
2ICW_K	5EDX_A	25.000	92	64	3	4	91	5	95	0.007	29.6
2ICW_L	6CPH_E	38.261	115	66	2	1	110	1	115	2.66e-22	83.6
2ICW_L	5EB9_A	24.468	94	63	2	16	104	23	113	7.62e-05	35.4
2ICW_L	5EDX_A	30.097	103	60	4	7	101	6	104	3.88e-04	33.1
2ICW_L	6BIT_G	27.731	119	69	6	1	109	3	114	0.001	32.0
2ICW_L	5Z11_A	22.581	93	69	2	16	107	15	105	0.001	32.3
2IWK_A	5NDC_B	28.155	103	69	2	537	638	69	167	9.26e-08	48.1
2IWK_B	5NDC_B	28.155	103	69	2	537	638	69	167	9.26e-08	48.1
2IZX_A	5H78_A	92.683	41	3	0	1	41	4	44	5.29e-24	84.0
2IZX_B	5H78_A	92.683	41	3	0	1	41	4	44	5.29e-24	84.0
2J4W_H	5YD4_A	48.760	121	56	1	1	121	1	115	7.43e-35	120
2J4W_H	6CPH_E	28.846	208	123	10	15	207	16	213	7.35e-16	70.1
2J4W_H	5U66_A	39.175	97	54	4	120	211	99	195	9.80e-11	55.1
2J4W_H	6CPH_D	27.559	127	72	6	12	134	13	123	0.003	33.1
2J4W_L	5YD4_A	52.727	110	46	1	3	106	141	250	5.07e-35	120
2J4W_L	5YD4_A	27.966	118	69	7	1	105	1	115	0.007	32.3
2J4W_L	6CPH_E	25.822	213	140	7	1	195	1	213	1.32e-16	71.6
2J4W_L	5U66_A	27.273	132	84	2	72	198	70	194	1.29e-11	57.4
2J4W_L	5U66_A	26.923	104	70	3	111	210	1	102	6.22e-07	43.9
2J4W_L	6CPH_D	30.986	142	85	6	4	138	4	139	1.20e-09	52.0
2J4W_L	5NQ0_A	24.762	105	71	3	105	209	179	275	8.00e-05	38.1
2J4W_L	6BIT_G	25.410	122	61	6	3	106	6	115	0.001	33.5
2J4W_L	5EB9_A	37.931	29	18	0	59	87	72	100	0.002	33.1
2J4W_L	4ZSO_E	22.069	145	99	5	71	208	88	225	0.007	32.3
2J97_A	5C94_A	33.333	111	72	2	1	109	6	116	9.62e-18	68.6
2JDI_H	5ZWL_E	30.189	53	36	1	16	68	3	54	0.005	31.2
2JLI_A	6EJP_C	100.000	79	0	0	45	123	1	79	3.05e-55	163
2JLI_A	6EJP_A	100.000	44	0	0	1	44	15	58	1.67e-26	89.7
2MHR_A	4XPX_A	27.778	108	62	3	22	114	18	124	1.73e-06	40.0
2O9S_A	5VEI_A	47.273	55	27	1	9	63	37	89	8.26e-15	59.3
2O9S_A	5NVJ_A	33.333	54	34	1	9	62	7	58	1.34e-06	37.4
2O9S_A	5UL6_A	27.451	51	36	1	11	61	6	55	1.37e-05	34.7
2O9S_A	6B26_A	27.273	55	38	1	10	64	7	59	7.91e-05	33.9
2O9U_X	5O7Q_A	98.958	96	1	0	2	97	1	96	3.22e-68	195
2OFC_A	4YLD_A	97.872	141	3	0	2	142	1	141	3.22e-105	292
2OFC_B	4YLD_A	97.872	141	3	0	2	142	1	141	3.22e-105	292
2OQZ_A	4Y4Q_A	37.056	197	117	4	26	219	47	239	1.51e-40	135
2OT3_B	6P0Z_A	30.667	150	101	3	19	167	15	162	1.19e-20	79.7
2OT3_B	5DE3_A	26.829	164	93	8	8	158	2	151	2.54e-05	38.5
2OUX_A	6H1W_A	25.620	121	80	3	142	257	6	121	7.78e-06	41.6
2OUX_B	6H1W_A	25.620	121	80	3	142	257	6	121	7.78e-06	41.6
2OV0_A	5FC9_A	32.143	84	53	3	24	104	12	94	7.88e-11	50.4
2OV0_A	4YL4_A	40.000	70	36	3	28	95	16	81	6.48e-08	43.1
2P1M_A	6BRP_A	100.000	160	0	0	1	160	1	160	3.46e-118	326
2P74_A	6MU9_A	46.215	251	133	1	7	257	17	265	1.39e-73	222
2P74_A	5TFQ_A	25.461	271	186	8	5	263	9	275	2.73e-18	78.2
2P74_B	6MU9_A	46.215	251	133	1	7	257	17	265	1.39e-73	222
2P74_B	5TFQ_A	25.461	271	186	8	5	263	9	275	2.73e-18	78.2
2PBK_A	5UR3_A	100.000	193	0	0	2	194	1	193	1.50e-142	392
2PBK_B	5UR3_A	100.000	193	0	0	2	194	1	193	1.50e-142	392
2PST_X	6EA3_A	50.000	70	35	0	1	70	6	75	1.25e-22	78.6
2PU9_C	5HR3_A	33.684	95	56	3	6	97	4	94	1.75e-11	52.4
2PU9_C	5Y4T_A	35.443	79	48	2	21	97	19	96	2.42e-10	49.7
2PU9_C	5NYK_A	32.432	74	49	1	25	97	31	104	1.31e-08	45.4
2PU9_C	5D8I_A	26.271	118	72	5	7	110	10	126	2.29e-06	40.4
2PU9_C	5CRW_A	48.276	29	15	0	25	53	152	180	6.52e-05	36.2
2PU9_C	6DNL_A	29.000	100	63	3	19	110	16	115	7.54e-05	35.0
2PVB_A	5E1N_A	35.294	68	41	1	39	106	81	145	9.12e-07	40.8
2PVB_A	5E1N_A	27.778	72	49	1	35	106	4	72	0.002	32.0
2PVB_A	6FIE_B	35.135	74	43	2	38	106	101	174	2.15e-04	34.7
2Q6K_A	5FIU_A	36.301	292	160	5	5	272	10	299	1.16e-48	159
2QKL_A	5J3T_A	100.000	127	0	0	1	127	4	130	3.86e-93	260
2QKL_B	5J3T_B	100.000	95	0	0	1	95	1	95	6.58e-68	199
2R0X_A	4XHY_A	27.007	137	95	2	4	139	23	155	2.10e-11	55.5
2R4Q_A	5DLE_A	44.660	103	55	1	4	106	13	113	1.06e-29	99.0
2RFR_A	5KP4_A	35.185	54	34	1	15	67	3	56	0.001	33.1
2RK3_A	5SY4_A	38.191	199	114	5	3	196	5	199	1.19e-33	115
2RK3_A	6F2F_A	25.444	169	120	5	5	172	2	165	6.60e-10	51.6
2RK3_A	5JZM_A	24.031	129	75	3	8	114	71	198	2.85e-05	39.3
2RKQ_A	5XZ3_A	37.654	162	98	2	4	164	10	169	8.65e-38	124
2RKQ_A	6FHG_A	26.351	148	91	3	18	160	16	150	9.07e-10	50.4
2SIC_E	5AMX_A	39.344	244	125	7	5	236	7	239	8.24e-41	138
2SIC_I	6I0I_A	50.000	108	53	1	1	107	1	108	1.73e-34	110
2V3Z_A	4Z7M_A	23.188	276	176	8	175	434	4	259	6.46e-10	55.5
2V6X_A	5FVK_A	100.000	82	0	0	4	85	1	82	1.04e-56	165
2VB1_A	6JXP_A	100.000	129	0	0	1	129	19	147	9.74e-95	265
2VDR_B	5E6X_A	32.456	114	71	3	350	461	101	210	2.49e-11	59.7
2VDR_B	5E6X_A	33.636	110	56	3	5	108	3	101	4.27e-11	59.3
2VDR_H	5YD4_A	65.812	117	38	1	1	117	1	115	3.32e-50	160
2VDR_H	5YD4_A	34.409	93	49	4	12	100	151	235	2.03e-06	43.1
2VDR_H	5U66_A	38.144	97	55	4	116	207	99	195	3.46e-11	56.2
2VDR_H	6CPH_E	25.962	208	135	9	10	203	11	213	6.86e-11	55.8
2VDR_L	5YD4_A	50.000	112	51	1	1	107	139	250	3.89e-32	113
2VDR_L	5YD4_A	31.000	100	57	6	1	90	1	98	3.88e-04	36.2
2VDR_L	6CPH_E	26.636	214	132	10	4	196	4	213	2.96e-14	65.5
2VDR_L	5U66_A	29.323	133	80	4	73	199	70	194	3.37e-11	56.2
2VDR_L	5U66_A	28.155	103	68	3	113	211	2	102	4.30e-07	44.7
2VDR_L	6CPH_D	29.078	141	90	5	4	139	4	139	3.19e-06	42.0
2VDR_L	5EDX_A	27.957	93	60	3	3	88	2	94	7.02e-06	39.7
2VDR_L	5NQ0_A	23.871	155	98	6	65	210	132	275	8.52e-06	41.2
2VDR_L	6BIT_G	25.210	119	71	6	1	107	3	115	3.19e-04	35.0
2VDR_L	4ZSO_E	21.233	146	103	4	70	209	86	225	0.001	34.7
2VDR_L	6J6Y_A	28.205	78	43	3	12	89	21	85	0.004	31.6
2VDR_L	5EB9_A	20.000	80	57	2	16	89	23	101	0.006	31.6
2VFX_A	6NIF_A	25.490	153	110	2	6	158	4	152	4.59e-11	56.2
2VFX_B	6NIF_A	25.490	153	110	2	6	158	4	152	4.59e-11	56.2
2VFX_C	6NIF_A	25.490	153	110	2	6	158	4	152	4.59e-11	56.2
2VFX_D	6NIF_A	25.490	153	110	2	6	158	4	152	4.59e-11	56.2
2VFX_E	6NIF_A	25.490	153	110	2	6	158	4	152	4.59e-11	56.2
2VFX_F	6NIF_A	25.490	153	110	2	6	158	4	152	4.59e-11	56.2
2VFX_G	6NIF_A	25.490	153	110	2	6	158	4	152	4.59e-11	56.2
2VFX_H	6NIF_A	25.490	153	110	2	6	158	4	152	4.59e-11	56.2
2VFX_I	6NIF_A	25.490	153	110	2	6	158	4	152	4.59e-11	56.2
2VFX_J	6NIF_A	25.490	153	110	2	6	158	4	152	4.59e-11	56.2
2VFX_K	6NIF_A	25.490	153	110	2	6	158	4	152	4.59e-11	56.2
2VFX_L	6NIF_A	25.490	153	110	2	6	158	4	152	4.59e-11	56.2
2VHK_A	5X9L_A	99.515	206	1	0	1	206	1	206	3.32e-153	419
2VN6_A	5NRK_A	37.589	141	84	4	12	150	5	143	1.91e-22	83.2
2VN6_B	5M0Y_B	38.889	36	22	0	27	62	128	163	7.10e-05	34.3
2VXN_A	4Y8F_A	43.443	244	136	2	7	248	7	250	8.53e-60	185
2VXN_A	5CSR_A	24.107	112	75	4	18	128	17	119	4.10e-06	42.4
2W1V_A	6MG6_A	29.749	279	163	10	17	270	23	293	3.41e-29	108
2W1V_A	5JQN_A	26.950	282	171	10	2	269	2	262	3.75e-14	66.6
2W1V_B	6MG6_A	29.749	279	163	10	17	270	23	293	3.41e-29	108
2W1V_B	5JQN_A	26.950	282	171	10	2	269	2	262	3.75e-14	66.6
2WBM_A	6FSW_A	49.573	234	117	1	19	252	1	233	1.04e-80	238
2WBM_B	6FSW_A	49.573	234	117	1	19	252	1	233	1.04e-80	238
2WDS_A	5XUM_A	40.164	122	56	6	23	142	2	108	3.67e-11	53.9
2WFI_A	4YUO_A	52.326	172	69	3	10	179	4	164	2.18e-54	166
2WFI_A	5EX1_A	22.561	164	86	3	24	157	47	199	7.06e-05	37.7
2WLV_A	5HGK_A	65.278	144	48	2	2	144	3	145	4.33e-65	191
2WLV_B	5HGK_A	63.889	144	50	2	2	144	3	145	4.22e-64	188
2WN9_A	4ZK1_A	37.500	184	112	2	34	216	31	212	1.26e-44	145
2WN9_B	4ZK1_A	37.500	184	112	2	34	216	31	212	1.26e-44	145
2WN9_C	4ZK1_A	37.500	184	112	2	34	216	31	212	1.26e-44	145
2WN9_D	4ZK1_A	37.500	184	112	2	34	216	31	212	1.26e-44	145
2WN9_E	4ZK1_A	37.500	184	112	2	34	216	31	212	1.26e-44	145
2WNP_F	6EUA_A	33.796	216	135	6	6	217	10	221	2.40e-34	118
2WOE_A	5OVO_A	62.199	291	110	0	6	296	1	291	1.89e-129	366
2WOE_B	5OVO_A	62.199	291	110	0	6	296	1	291	1.89e-129	366
2WOE_C	5OVO_A	62.199	291	110	0	6	296	1	291	1.89e-129	366
2WQK_A	4ZG5_A	41.700	247	136	4	4	244	3	247	3.99e-60	187
2WQK_B	4ZG5_A	41.700	247	136	4	4	244	3	247	3.99e-60	187
2WUR_A	4ZBL_A	25.221	226	163	3	4	229	18	237	7.98e-23	89.0
2XI8_A	4Z5D_A	35.417	48	31	0	2	49	10	57	8.15e-05	32.7
2XI8_B	4Z5D_A	35.417	48	31	0	2	49	10	57	8.15e-05	32.7
2XOV_A	5MTF_A	100.000	181	0	0	1	181	5	185	2.36e-131	362
2XU3_A	5MAJ_A	100.000	220	0	0	1	220	1	220	5.84e-169	459
2XW6_A	6PHE_A	42.748	131	73	1	4	132	19	149	2.47e-38	123
2XW6_B	6PHE_A	42.748	131	73	1	4	132	19	149	2.47e-38	123
2XW6_C	6PHE_A	42.748	131	73	1	4	132	19	149	2.47e-38	123
2Y5F_A	5MN1_A	36.709	237	132	6	1	234	1	222	1.15e-45	148
2Y5F_L	5JB9_E	48.077	52	26	1	3	53	1	52	1.17e-14	57.0
2Y71_A	5YDB_A	50.360	139	68	1	7	144	5	143	2.77e-40	128
2Y8Y_A	5H9F_K	30.631	222	119	7	5	215	1	198	2.01e-18	75.9
2YKZ_A	5GYR_A	30.233	129	81	4	5	126	5	131	1.17e-14	61.6
2YLB_A	5SZD_A	61.017	59	22	1	9	66	8	66	6.44e-22	77.0
2YLB_B	5SZD_A	61.017	59	22	1	9	66	8	66	6.44e-22	77.0
2YLB_C	5SZD_A	61.017	59	22	1	9	66	8	66	6.44e-22	77.0
2YLB_D	5SZD_A	61.017	59	22	1	9	66	8	66	6.44e-22	77.0
2YLB_E	5SZD_A	61.017	59	22	1	9	66	8	66	6.44e-22	77.0
2YLB_F	5SZD_A	61.017	59	22	1	9	66	8	66	6.44e-22	77.0
2Z7F_E	5MN1_A	33.913	230	129	11	1	217	1	220	6.27e-28	101
2Z7F_I	6ATU_A	51.111	45	22	0	3	47	14	58	2.44e-10	45.8
2ZCW_A	6DT4_A	28.834	163	106	3	29	182	44	205	1.82e-13	62.4
2ZCW_A	5W5B_A	35.556	45	29	0	152	196	192	236	0.002	33.9
3A38_A	5D8V_A	100.000	83	0	0	1	83	1	83	1.31e-59	172
3AG3_B	5B1A_B	100.000	227	0	0	1	227	1	227	1.36e-169	462
3AG3_B	5NDC_B	27.941	68	49	0	140	207	93	160	7.22e-07	43.5
3AG3_C	5B1A_C	100.000	261	0	0	1	261	1	261	0.0	528
3AG3_D	5B1A_D	100.000	147	0	0	1	147	1	147	3.54e-109	302
3AG3_E	5B1A_E	100.000	109	0	0	1	109	1	109	4.37e-80	226
3AG3_F	5B1A_F	100.000	98	0	0	1	98	1	98	8.19e-73	207
3AG3_G	5B1A_G	100.000	85	0	0	1	85	1	85	6.28e-61	176
3AG3_I	5B1A_I	100.000	73	0	0	1	73	1	73	3.95e-50	147
3AG3_J	5B1A_J	100.000	59	0	0	1	59	1	59	5.10e-42	126
3AG3_K	5B1A_K	100.000	56	0	0	1	56	1	56	6.09e-40	120
3AG3_O	5B1A_B	100.000	227	0	0	1	227	1	227	1.36e-169	462
3AG3_O	5NDC_B	27.941	68	49	0	140	207	93	160	7.22e-07	43.5
3AG3_P	5B1A_C	100.000	261	0	0	1	261	1	261	0.0	528
3AG3_Q	5B1A_D	100.000	147	0	0	1	147	1	147	3.54e-109	302
3AG3_R	5B1A_E	100.000	109	0	0	1	109	1	109	4.37e-80	226
3AG3_S	5B1A_F	100.000	98	0	0	1	98	1	98	8.19e-73	207
3AG3_T	5B1A_G	100.000	85	0	0	1	85	1	85	6.28e-61	176
3AG3_V	5B1A_I	100.000	73	0	0	1	73	1	73	3.95e-50	147
3AG3_W	5B1A_J	100.000	59	0	0	1	59	1	59	5.10e-42	126
3AG3_X	5B1A_K	100.000	56	0	0	1	56	1	56	6.09e-40	120
3AGN_A	5GY6_A	41.509	106	49	4	8	113	6	98	2.03e-17	67.8
3AWU_A	6EI4_A	43.310	284	144	11	3	272	4	284	3.24e-66	204
3AWU_B	5Z0D_B	100.000	134	0	0	1	134	1	134	4.05e-94	263
3B64_A	6C5F_A	32.468	77	51	1	25	100	24	100	9.11e-08	43.1
3BBB_A	5BXI_A	66.892	148	49	0	4	151	7	154	1.09e-76	221
3BBB_B	5BXI_A	66.892	148	49	0	4	151	7	154	1.09e-76	221
3BBB_C	5BXI_A	66.892	148	49	0	4	151	7	154	1.09e-76	221
3BBB_D	5BXI_A	66.892	148	49	0	4	151	7	154	1.09e-76	221
3BBB_E	5BXI_A	66.892	148	49	0	4	151	7	154	1.09e-76	221
3BBB_F	5BXI_A	66.892	148	49	0	4	151	7	154	1.09e-76	221
3BHD_A	5A65_A	74.194	217	56	0	18	234	1	217	2.26e-114	322
3BHD_B	5A65_A	74.194	217	56	0	18	234	1	217	2.26e-114	322
3BN0_A	4YBB_AP	31.081	74	48	1	3	73	2	75	9.59e-11	50.1
3BOF_A	5VOP_A	28.571	238	152	8	317	538	18	253	2.34e-18	81.6
3BOF_B	5VOP_A	28.571	238	152	8	317	538	18	253	2.34e-18	81.6
3BQO_A	5XUP_A	100.000	202	0	0	8	209	1	202	5.32e-154	421
3BQO_A	6J67_A	27.363	201	142	2	11	208	5	204	3.21e-22	85.9
3BWU_C	5GHU_A	31.455	213	126	8	2	195	3	214	2.84e-28	102
3BWU_F	5LP9_A	34.507	142	87	6	4	142	24	162	1.82e-13	59.7
3BYP_A	6ATR_A	27.778	72	51	1	8	79	112	182	4.90e-04	33.1
3BYP_B	6ATR_A	27.778	72	51	1	8	79	112	182	4.90e-04	33.1
3C8W_A	4ZBO_A	25.725	276	143	14	23	255	9	265	3.96e-05	39.7
3C8W_B	4ZBO_A	25.725	276	143	14	23	255	9	265	3.96e-05	39.7
3C8W_C	4ZBO_A	25.725	276	143	14	23	255	9	265	3.96e-05	39.7
3C8W_D	4ZBO_A	25.725	276	143	14	23	255	9	265	3.96e-05	39.7
3C9U_A	5DUY_A	55.263	38	9	2	10	45	14	45	0.001	35.4
3C9U_B	5DUY_A	55.263	38	9	2	10	45	14	45	0.001	35.4
3CI0_I	5VTM_V	41.379	58	34	0	9	66	3	60	3.35e-08	42.7
3CI0_J	5VTM_W	31.098	164	98	5	9	162	1	159	6.57e-16	67.8
3CI0_K	5VTM_X	26.316	285	190	8	20	297	2	273	1.12e-21	88.2
3CI3_A	6D5X_A	39.130	184	109	1	6	186	1	184	1.89e-41	134
3CIM_A	5D6V_A	58.621	87	34	1	4	90	10	94	3.03e-25	87.0
3CIM_A	5DIH_A	29.070	86	60	1	4	89	21	105	0.003	31.2
3CIM_B	5D6V_A	58.621	87	34	1	4	90	10	94	3.03e-25	87.0
3CIM_B	5DIH_A	29.070	86	60	1	4	89	21	105	0.003	31.2
3CIM_C	5D6V_A	58.621	87	34	1	4	90	10	94	3.03e-25	87.0
3CIM_C	5DIH_A	29.070	86	60	1	4	89	21	105	0.003	31.2
3CJS_B	5COL_A	35.821	67	42	1	7	72	5	71	2.91e-09	46.2
3CJS_C	5COL_A	35.821	67	42	1	7	72	5	71	2.91e-09	46.2
3CU9_A	5C0P_A	25.000	244	146	8	22	245	24	250	7.94e-11	57.4
3CZZ_A	5K79_A	42.991	107	54	3	2	101	2	108	1.93e-22	80.1
3CZZ_A	5C8Q_B	24.828	145	60	3	2	98	8	151	3.05e-09	47.4
3CZZ_B	5K79_A	42.991	107	54	3	2	101	2	108	1.93e-22	80.1
3CZZ_B	5C8Q_B	24.828	145	60	3	2	98	8	151	3.05e-09	47.4
3D06_A	5MCT_A	99.500	200	1	0	1	200	1	200	1.04e-152	417
3D36_A	6BLK_A	28.125	128	84	3	104	223	27	154	1.65e-13	62.4
3D36_A	5IDM_A	24.806	129	79	3	120	230	43	171	3.08e-13	62.0
3D36_B	6BLK_A	28.125	128	84	3	104	223	27	154	1.65e-13	62.4
3D36_B	5IDM_A	24.806	129	79	3	120	230	43	171	3.08e-13	62.0
3D3B_J	4YBB_AJ	77.778	99	1	1	9	86	1	99	2.78e-46	139
3D3R_A	5VBD_A	48.980	49	15	3	11	49	8	56	3.79e-04	33.1
3D3R_A	6HCD_A	77.778	36	6	2	1	36	1	34	7.66e-04	32.7
3D3R_A	5WCJ_A	92.308	13	1	0	11	23	8	20	0.002	32.0
3D3R_A	6PED_B	92.857	14	1	0	11	24	8	21	0.004	30.8
3D3R_B	5VBD_A	48.980	49	15	3	11	49	8	56	3.79e-04	33.1
3D3R_B	6HCD_A	77.778	36	6	2	1	36	1	34	7.66e-04	32.7
3D3R_B	5WCJ_A	92.308	13	1	0	11	23	8	20	0.002	32.0
3D3R_B	6PED_B	92.857	14	1	0	11	24	8	21	0.004	30.8
3DK9_A	6GNA_A	22.054	331	191	10	21	347	7	274	3.40e-04	38.1
3DKM_A	6PED_B	86.364	22	3	0	1	22	1	22	0.002	30.8
3DKM_A	5WCJ_A	64.706	34	8	1	1	30	1	34	0.005	30.0
3DKM_A	6HCD_A	86.667	15	2	0	8	22	11	25	0.009	29.3
3DNJ_A	4YJM_A	39.286	84	51	0	2	85	19	102	6.32e-19	70.5
3DNJ_B	4YJM_A	39.286	84	51	0	2	85	19	102	6.32e-19	70.5
3EA6_A	5FKA_C	32.273	220	123	6	5	211	22	228	9.33e-30	106
3EA6_A	5D3D_A	27.891	147	96	5	7	145	8	152	1.36e-04	37.4
3EER_A	6D9N_A	49.635	137	67	2	9	143	9	145	2.15e-41	131
3EYE_A	5T5D_A	30.667	150	103	1	5	154	5	153	9.41e-23	85.1
3F0D_A	5B8F_A	61.935	155	59	0	24	178	8	162	2.55e-66	196
3F0D_B	5B8F_A	61.935	155	59	0	24	178	8	162	2.55e-66	196
3F0D_C	5B8F_A	61.935	155	59	0	24	178	8	162	2.55e-66	196
3F0D_D	5B8F_A	61.935	155	59	0	24	178	8	162	2.55e-66	196
3F0D_E	5B8F_A	61.935	155	59	0	24	178	8	162	2.55e-66	196
3F0D_F	5B8F_A	61.935	155	59	0	24	178	8	162	2.55e-66	196
3F0P_A	5U7A_A	100.000	212	0	0	1	212	1	212	1.29e-159	435
3F0P_A	5C17_A	27.807	187	126	4	25	203	23	208	1.54e-19	79.0
3F0P_B	5U7A_A	100.000	212	0	0	1	212	1	212	1.29e-159	435
3F0P_B	5C17_A	27.807	187	126	4	25	203	23	208	1.54e-19	79.0
3F42_A	5YRX_A	32.000	50	32	1	34	81	42	91	0.001	32.0
3F42_B	5YRX_A	32.000	50	32	1	34	81	42	91	0.001	32.0
3F6Y_A	5BNF_A	55.365	233	102	2	12	243	1	232	1.08e-94	274
3FIL_A	5HG2_A	90.741	54	5	0	3	56	3	56	7.88e-30	95.5
3FIL_B	5HG2_A	90.741	54	5	0	3	56	3	56	7.88e-30	95.5
3G0M_A	5NQ6_A	34.400	125	82	0	11	135	18	142	1.36e-19	75.5
3G91_A	5DFF_A	41.154	260	148	4	2	257	18	276	1.44e-66	204
3GE3_C	5TDS_C	100.000	84	0	0	1	84	1	84	1.51e-59	172
3GE3_E	5TDU_E	100.000	103	0	0	1	103	1	103	7.19e-74	210
3H63_A	6DNO_A	44.398	241	130	4	51	289	46	284	2.68e-68	211
3H63_C	6DNO_A	44.398	241	130	4	51	289	46	284	2.68e-68	211
3I94_A	6QX6_A	28.646	192	122	5	65	246	61	247	7.17e-19	79.3
3IJW_A	6MB8_A	28.458	253	154	7	32	267	26	268	7.95e-23	90.5
3IJW_B	6MB8_A	28.458	253	154	7	32	267	26	268	7.95e-23	90.5
3IP0_A	5ETP_A	100.000	158	0	0	1	158	5	162	5.18e-118	326
3IVV_A	6I41_A	97.931	145	3	0	1	145	1	145	1.65e-104	290
3IVV_A	4YSI_A	31.148	61	40	1	85	145	78	136	0.010	30.4
3JVL_A	5IG6_A	83.178	107	18	0	9	115	8	114	6.73e-68	196
3JVL_A	5KO4_A	37.143	70	44	0	44	113	34	103	5.68e-10	48.9
3JVL_A	5C8G_A	23.894	113	83	2	6	117	17	127	1.29e-09	48.5
3K2Z_A	6A2Q_A	46.729	107	54	2	90	196	15	118	1.97e-25	91.7
3K2Z_B	6A2Q_A	46.729	107	54	2	90	196	15	118	1.97e-25	91.7
3K34_A	5Y2S_A	100.000	260	0	0	1	260	1	260	0.0	536
3K6I_A	6CGS_A	37.879	66	35	2	18	81	18	79	1.36e-05	37.7
3KLR_A	5A35_A	27.273	99	52	3	15	110	26	107	4.20e-06	38.9
3KU3_A	6CHX_A	53.333	210	97	1	51	259	3	212	3.47e-80	239
3KU3_B	6AOR_B	53.448	174	81	0	1	174	1	174	4.94e-70	206
3KWD_A	6IVE_A	30.657	137	77	6	40	175	13	132	2.63e-11	55.8
3L00_A	4ZYE_A	30.631	111	74	2	69	179	55	162	1.62e-11	55.8
3L51_A	5H69_A	30.714	140	92	4	17	154	62	198	2.19e-10	53.1
3L51_B	5H69_A	28.777	139	93	3	16	149	59	196	1.68e-11	56.6
3LAS_A	6JQD_A	47.857	140	70	2	23	162	21	157	9.48e-46	143
3LAS_B	6JQD_A	47.857	140	70	2	23	162	21	157	9.48e-46	143
3LDQ_B	5AQM_B	99.123	114	1	0	1	114	5	118	6.42e-78	221
3LDQ_B	5XVJ_A	41.667	36	17	1	79	110	8	43	0.004	30.8
3LMN_A	5OK6_A	45.946	111	47	3	26	134	31	130	5.24e-25	91.3
3LMN_B	5OK6_A	45.946	111	47	3	26	134	31	130	5.24e-25	91.3
3M4I_A	5IWI_B	52.679	224	66	1	11	234	12	195	3.25e-78	230
3M5Q_A	5JQR_A	27.757	263	149	7	22	280	20	245	1.05e-16	74.7
3M9Q_A	5IN1_A	34.177	79	42	2	20	98	3	71	6.31e-07	39.7
3M9Q_B	5IN1_A	34.177	79	42	2	20	98	3	71	6.31e-07	39.7
3MCW_A	5ZN8_A	27.612	134	80	3	36	152	29	162	9.48e-05	37.4
3MCW_B	5ZN8_A	27.612	134	80	3	36	152	29	162	9.48e-05	37.4
3MG3_A	6MCJ_A	33.333	138	91	1	25	162	13	149	2.43e-20	82.4
3MG3_A	5KP4_A	26.667	45	32	1	200	243	15	59	4.61e-04	35.8
3MG3_B	6MCJ_A	33.333	138	91	1	25	162	13	149	2.43e-20	82.4
3MG3_B	5KP4_A	26.667	45	32	1	200	243	15	59	4.61e-04	35.8
3MMH_A	5HL6_A	45.333	150	78	3	9	156	18	165	1.59e-33	113
3MMH_B	5HL6_A	45.333	150	78	3	9	156	18	165	1.59e-33	113
3N4J_A	5CO4_A	45.098	153	77	2	4	156	30	175	1.48e-42	135
3N4J_A	5GMB_A	27.673	159	103	5	5	153	9	165	8.05e-05	37.0
3N4J_A	5KZK_A	35.294	68	36	2	95	156	216	281	4.37e-04	35.0
3OJC_A	5ELL_A	58.952	229	94	0	2	230	1	229	5.81e-102	291
3OJC_B	5ELL_A	58.952	229	94	0	2	230	1	229	5.81e-102	291
3OJC_C	5ELL_A	58.952	229	94	0	2	230	1	229	5.81e-102	291
3OJC_D	5ELL_A	58.952	229	94	0	2	230	1	229	5.81e-102	291
3ORS_A	6O55_A	51.613	155	75	0	6	160	14	168	8.30e-56	169
3ORS_B	6O55_A	51.613	155	75	0	6	160	14	168	8.30e-56	169
3ORS_C	6O55_A	51.613	155	75	0	6	160	14	168	8.30e-56	169
3ORS_D	6O55_A	51.613	155	75	0	6	160	14	168	8.30e-56	169
3ORS_E	6O55_A	51.613	155	75	0	6	160	14	168	8.30e-56	169
3ORS_F	6O55_A	51.613	155	75	0	6	160	14	168	8.30e-56	169
3ORS_G	6O55_A	51.613	155	75	0	6	160	14	168	8.30e-56	169
3ORS_H	6O55_A	51.613	155	75	0	6	160	14	168	8.30e-56	169
3OSX_A	5CDK_A	52.747	182	86	0	16	197	2	183	1.02e-65	196
3PDF_A	6RNI_A	100.000	119	0	0	1	119	1	119	3.70e-85	252
3PDF_A	5MAJ_A	36.752	234	117	13	208	430	2	215	1.99e-30	113
3PKZ_A	5C35_A	98.387	124	2	0	1	124	1	124	1.81e-87	246
3PKZ_B	5C35_A	98.387	124	2	0	1	124	1	124	1.81e-87	246
3PKZ_C	5C35_A	98.387	124	2	0	1	124	1	124	1.81e-87	246
3PKZ_D	5C35_A	98.387	124	2	0	1	124	1	124	1.81e-87	246
3PKZ_E	5C35_A	98.387	124	2	0	1	124	1	124	1.81e-87	246
3PKZ_F	5C35_A	98.387	124	2	0	1	124	1	124	1.81e-87	246
3PKZ_G	5C35_A	98.387	124	2	0	1	124	1	124	1.81e-87	246
3PKZ_H	5C35_A	98.387	124	2	0	1	124	1	124	1.81e-87	246
3PKZ_I	5C35_A	98.387	124	2	0	1	124	1	124	1.81e-87	246
3PKZ_J	5C35_A	98.387	124	2	0	1	124	1	124	1.81e-87	246
3PKZ_K	5C35_A	98.387	124	2	0	1	124	1	124	1.81e-87	246
3PKZ_L	5C35_A	98.387	124	2	0	1	124	1	124	1.81e-87	246
3PRO_A	5MRR_A	83.756	197	31	1	2	197	2	198	9.88e-115	321
3PRO_B	5MRR_A	83.756	197	31	1	2	197	2	198	9.88e-115	321
3Q46_A	5UCQ_A	99.438	178	1	0	1	178	1	178	1.05e-129	357
3QM9_A	5YCE_A	42.857	147	81	2	3	146	7	153	2.19e-35	116
3QM9_A	6II1_A	31.532	111	69	2	2	111	5	109	4.46e-08	45.1
3QM9_A	5ZIQ_A	36.842	38	24	0	6	43	30	67	2.85e-04	35.0
3QPA_A	5AJH_A	80.628	191	37	0	1	191	18	208	2.42e-113	318
3QQ8_A	5B6C_A	100.000	167	0	0	20	186	3	169	5.39e-123	340
3QZB_A	6GQ8_A	40.179	112	56	3	28	139	9	109	2.57e-25	89.0
3R87_A	5V10_A	26.515	132	91	4	5	132	11	140	5.72e-08	44.7
3R87_A	6FDG_A	25.000	120	83	4	11	127	8	123	6.02e-08	44.7
3R8J_A	5GQQ_A	100.000	178	0	0	23	200	1	178	1.43e-133	368
3R8J_B	5GQQ_A	100.000	178	0	0	23	200	1	178	1.43e-133	368
3RF3_A	5XA5_A	20.737	217	149	6	44	249	55	259	6.12e-05	38.9
3RF3_A	5IU1_A	36.170	47	30	0	27	73	30	76	0.002	33.5
3RF3_B	5XA5_A	20.737	217	149	6	44	249	55	259	6.12e-05	38.9
3RF3_B	5IU1_A	36.170	47	30	0	27	73	30	76	0.002	33.5
3RJS_A	5E0L_A	85.393	89	13	0	1	89	1	89	2.33e-59	172
3RLF_A	5X40_A	33.971	209	130	4	14	216	28	234	3.54e-24	97.1
3RLF_A	6AMX_A	30.882	204	130	3	15	218	32	224	2.21e-23	93.6
3RLF_A	5EUM_A	26.009	223	151	7	4	216	18	236	2.45e-15	70.9
3RLF_A	6GJS_A	26.957	230	148	7	4	227	7	222	1.02e-14	68.6
3RLF_B	5X40_A	33.971	209	130	4	14	216	28	234	3.54e-24	97.1
3RLF_B	6AMX_A	30.882	204	130	3	15	218	32	224	2.21e-23	93.6
3RLF_B	5EUM_A	26.009	223	151	7	4	216	18	236	2.45e-15	70.9
3RLF_B	6GJS_A	26.957	230	148	7	4	227	7	222	1.02e-14	68.6
3RLO_A	5YZP_A	45.622	217	98	5	1	204	1	210	3.84e-49	155
3RQ7_A	6AX4_A	100.000	237	0	0	1	237	1	237	0.0	493
3S4E_A	5M43_A	28.025	157	86	3	11	140	12	168	1.10e-14	64.3
3S4E_A	5Z59_A	25.000	100	71	1	45	140	46	145	1.76e-07	43.5
3S4E_A	6I28_A	37.736	53	32	1	84	136	100	151	2.17e-07	43.5
3S8G_B	5NDC_B	100.000	168	0	0	1	168	1	168	2.13e-126	348
3S8G_B	5B1A_B	27.941	68	49	0	93	160	140	207	5.77e-07	43.5
3T0H_A	5J2X_A	100.000	208	0	0	9	216	2	209	3.65e-156	427
3T3L_A	6FCO_A	51.376	109	37	3	14	109	10	115	4.30e-31	103
3T63_M	6BDJ_A	30.952	84	51	2	74	150	61	144	0.004	33.1
3T63_N	6BDJ_A	30.952	84	51	2	74	150	61	144	0.004	33.1
3T63_O	6BDJ_A	30.952	84	51	2	74	150	61	144	0.004	33.1
3TN2_A	5LTL_A	43.333	60	33	1	9	68	15	73	3.37e-16	62.8
3TN2_A	5EKI_A	40.625	64	34	2	8	67	5	68	2.21e-11	50.1
3TN2_A	5D14_A	29.412	34	24	0	30	63	27	60	6.29e-04	30.8
3TN2_A	4ZAI_A	22.414	58	43	1	12	67	14	71	0.005	28.5
3TVJ_A	5UBM_B	40.541	74	40	2	6	78	73	143	2.03e-12	55.1
3TVJ_B	5MN1_A	32.927	246	136	9	1	241	1	222	6.83e-32	112
3U81_A	5ZY6_A	38.500	200	108	4	2	186	16	215	3.83e-41	137
3U81_A	5KVA_A	26.866	134	91	2	19	148	71	201	2.58e-08	48.9
3U81_A	5ZW3_A	26.286	175	119	7	1	175	1	165	1.06e-06	43.5
3U81_A	6H1E_A	29.730	74	47	2	61	132	42	112	0.003	33.1
3UAW_A	5M2T_A	33.505	194	112	4	17	196	22	212	1.37e-23	91.3
3UAW_A	5UE1_A	24.479	192	124	8	48	228	37	218	5.99e-05	38.5
3UAW_A	5CYF_A	25.248	202	118	9	52	224	81	278	0.005	33.1
3UEJ_A	6RA0_A	45.455	55	30	0	5	59	96	150	2.84e-14	58.9
3UEJ_B	6RA0_A	45.455	55	30	0	5	59	96	150	2.84e-14	58.9
3UI4_A	5HTF_A	36.458	96	46	3	8	97	119	205	7.79e-12	55.5
3UI4_A	6BHF_A	36.082	97	47	4	11	97	160	251	3.25e-10	50.8
3UI4_A	6GMP_A	33.333	63	35	2	34	95	62	118	0.001	32.0
3ULJ_A	5YTX_A	42.857	77	33	2	11	83	14	83	1.16e-14	59.3
3ULJ_B	5YTX_A	42.857	77	33	2	11	83	14	83	1.16e-14	59.3
3UMH_A	4YN0_B	99.034	207	2	0	2	208	3	209	3.04e-152	417
3V5W_A	4ZEG_A	23.420	269	173	9	191	438	11	267	1.09e-13	67.8
3V5W_A	5V5Y_A	26.996	263	159	9	197	436	19	271	4.42e-12	63.2
3V5W_A	6E4F_A	22.819	149	108	4	259	401	92	239	5.71e-06	44.3
3V5W_A	5X18_A	25.984	127	79	3	289	401	100	225	1.72e-05	42.7
3V5W_G	5UKL_G	98.387	62	1	0	14	75	1	62	3.06e-41	125
3V5W_G	5KDO_G	35.616	73	44	1	7	76	1	73	4.35e-11	49.3
3VDP_A	5Z2V_A	47.959	196	101	1	17	212	3	197	1.59e-63	192
3VDP_B	5Z2V_A	47.959	196	101	1	17	212	3	197	1.59e-63	192
3VDP_C	5Z2V_A	47.959	196	101	1	17	212	3	197	1.59e-63	192
3VDP_D	5Z2V_A	47.959	196	101	1	17	212	3	197	1.59e-63	192
3W5H_A	5GV8_A	100.000	272	0	0	1	272	1	272	0.0	562
3W5H_A	6RRA_A	25.833	120	63	3	47	165	35	129	7.63e-04	35.8
3WCQ_A	5AUI_A	69.792	96	28	1	2	97	3	97	4.16e-46	139
3WCQ_A	5FFI_A	33.962	53	24	2	25	77	27	68	4.94e-04	32.7
3ZHO_A	4YQE_A	100.000	197	0	0	1	197	1	197	1.90e-145	398
3ZHO_B	4YQE_A	100.000	197	0	0	1	197	1	197	1.90e-145	398
3ZQU_A	6QLG_A	42.564	195	98	3	7	201	43	223	4.96e-47	150
3ZYL_A	5OO7_A	26.471	136	78	4	22	147	4	127	6.93e-05	38.9
3ZYL_B	5OO7_A	26.471	136	78	4	22	147	4	127	6.93e-05	38.9
4A02_A	5L2V_A	50.299	167	78	2	1	165	1	164	4.17e-58	175
4A02_A	5UIZ_A	27.397	73	49	3	94	165	152	221	2.41e-04	35.8
4A1I_A	5BUM_A	39.535	43	25	1	5	46	6	48	0.008	29.3
4A1I_B	5BUM_A	39.535	43	25	1	5	46	6	48	0.008	29.3
4A1I_C	5BUM_A	39.535	43	25	1	5	46	6	48	0.008	29.3
4A1I_D	5BUM_A	39.535	43	25	1	5	46	6	48	0.008	29.3
4A1I_E	5BUM_A	39.535	43	25	1	5	46	6	48	0.008	29.3
4A1I_F	5BUM_A	39.535	43	25	1	5	46	6	48	0.008	29.3
4A1I_G	5BUM_A	39.535	43	25	1	5	46	6	48	0.008	29.3
4A1I_H	5BUM_A	39.535	43	25	1	5	46	6	48	0.008	29.3
4A82_A	5EUM_A	51.004	249	121	1	329	576	7	255	5.80e-77	240
4A82_A	6GJS_A	27.876	226	140	5	342	562	9	216	1.87e-22	92.0
4A82_A	5X40_A	29.515	227	127	8	357	566	33	243	6.91e-17	77.0
4A82_A	6AMX_A	24.880	209	139	4	352	558	31	223	7.60e-09	52.4
4A82_B	5EUM_A	51.004	249	121	1	329	576	7	255	5.80e-77	240
4A82_B	6GJS_A	27.876	226	140	5	342	562	9	216	1.87e-22	92.0
4A82_B	5X40_A	29.515	227	127	8	357	566	33	243	6.91e-17	77.0
4A82_B	6AMX_A	24.880	209	139	4	352	558	31	223	7.60e-09	52.4
4A82_C	5EUM_A	51.004	249	121	1	329	576	7	255	5.80e-77	240
4A82_C	6GJS_A	27.876	226	140	5	342	562	9	216	1.87e-22	92.0
4A82_C	5X40_A	29.515	227	127	8	357	566	33	243	6.91e-17	77.0
4A82_C	6AMX_A	24.880	209	139	4	352	558	31	223	7.60e-09	52.4
4A82_D	5EUM_A	51.004	249	121	1	329	576	7	255	5.80e-77	240
4A82_D	6GJS_A	27.876	226	140	5	342	562	9	216	1.87e-22	92.0
4A82_D	5X40_A	29.515	227	127	8	357	566	33	243	6.91e-17	77.0
4A82_D	6AMX_A	24.880	209	139	4	352	558	31	223	7.60e-09	52.4
4A8U_A	5I8F_A	37.086	151	94	1	8	158	15	164	8.35e-28	97.8
4A8U_A	5NON_A	31.579	95	62	3	30	123	41	133	2.06e-06	41.2
4AC7_A	5OL4_A	98.000	100	2	0	1	100	1	100	1.50e-70	201
4AC7_B	5OL4_B	100.000	122	0	0	5	126	1	122	5.22e-86	242
4AFF_A	5L9N_A	64.286	112	40	0	1	112	1	112	8.64e-47	142
4AGH_A	5ZG9_A	100.000	158	0	0	1	158	12	169	4.63e-115	319
4AIW_A	5JYS_A	41.844	141	71	6	13	151	165	296	2.93e-25	94.0
4AIW_A	6IMF_A	28.873	142	92	4	8	140	13	154	3.93e-12	57.8
4AL0_A	5TL9_A	99.342	152	1	0	1	152	3	154	6.19e-113	312
4B4U_A	6APE_A	42.857	280	157	3	23	300	14	292	2.62e-75	229
4B4U_B	6APE_A	42.857	280	157	3	23	300	14	292	2.62e-75	229
4DOI_A	6MS8_A	64.486	214	74	1	13	224	3	216	6.39e-100	286
4DOI_B	6MS8_A	64.486	214	74	1	13	224	3	216	6.39e-100	286
4DRI_A	5HUA_A	50.526	95	47	0	45	139	18	112	5.11e-28	96.3
4DRI_B	5GPG_B	100.000	88	0	0	9	96	6	93	6.81e-65	186
4DUI_A	5H28_A	26.000	150	73	5	39	152	78	225	2.61e-04	35.8
4DUI_A	5K34_A	33.333	84	51	4	7	86	3	85	0.002	32.3
4EGU_A	6B42_A	43.925	107	59	1	5	111	19	124	2.26e-29	99.0
4EGU_A	6CVO_A	28.261	92	61	2	17	107	18	105	7.36e-09	47.0
4EGU_A	5CS2_A	32.222	90	49	5	35	119	50	132	8.19e-05	36.2
4EGU_B	6B42_A	43.925	107	59	1	5	111	19	124	2.26e-29	99.0
4EGU_B	6CVO_A	28.261	92	61	2	17	107	18	105	7.36e-09	47.0
4EGU_B	5CS2_A	32.222	90	49	5	35	119	50	132	8.19e-05	36.2
4EMT_A	5GRM_A	79.144	187	39	0	2	188	24	210	7.60e-111	311
4EMT_B	5GRM_A	79.144	187	39	0	2	188	24	210	7.60e-111	311
4ENE_C	5YD4_A	49.167	120	55	2	1	119	1	115	5.97e-36	123
4ENE_C	5YD4_A	27.679	112	64	5	12	119	151	249	4.02e-04	36.2
4ENE_C	6CPH_E	28.837	215	120	12	11	205	12	213	8.67e-15	67.0
4ENE_C	5U66_A	38.144	97	55	4	118	209	99	195	8.86e-11	55.1
4ENE_C	5EDX_A	36.923	65	40	1	35	99	34	97	2.53e-05	38.1
4ENE_C	5EB9_A	26.804	97	65	3	1	96	9	100	3.31e-04	35.0
4ENE_D	5YD4_A	48.649	111	51	1	1	105	139	249	1.04e-31	112
4ENE_D	5YD4_A	25.157	159	78	8	1	121	1	156	0.003	33.5
4ENE_D	6CPH_E	26.667	210	136	8	4	195	4	213	5.51e-18	75.5
4ENE_D	5U66_A	31.522	92	51	2	112	198	110	194	2.48e-11	56.6
4ENE_D	5U66_A	27.619	105	70	3	111	211	1	103	1.50e-07	45.8
4ENE_D	6CPH_D	30.986	142	85	6	4	138	4	139	1.67e-09	51.6
4ENE_D	5NQ0_A	26.389	144	78	6	78	209	148	275	8.43e-05	38.1
4ENE_D	4ZSO_E	21.528	144	101	4	71	208	88	225	8.98e-04	35.0
4ENE_D	5EB9_A	21.795	78	55	1	16	87	23	100	0.001	33.5
4ENE_D	5WT9_G	28.409	88	58	4	5	87	36	123	0.004	32.7
4ENE_D	6BIT_G	26.733	101	49	5	3	90	6	94	0.005	31.6
4ENE_E	5YD4_A	49.167	120	55	2	1	119	1	115	5.97e-36	123
4ENE_E	5YD4_A	27.679	112	64	5	12	119	151	249	4.02e-04	36.2
4ENE_E	6CPH_E	28.837	215	120	12	11	205	12	213	8.67e-15	67.0
4ENE_E	5U66_A	38.144	97	55	4	118	209	99	195	8.86e-11	55.1
4ENE_E	5EDX_A	36.923	65	40	1	35	99	34	97	2.53e-05	38.1
4ENE_E	5EB9_A	26.804	97	65	3	1	96	9	100	3.31e-04	35.0
4ENE_F	5YD4_A	48.649	111	51	1	1	105	139	249	1.04e-31	112
4ENE_F	5YD4_A	25.157	159	78	8	1	121	1	156	0.003	33.5
4ENE_F	6CPH_E	26.667	210	136	8	4	195	4	213	5.51e-18	75.5
4ENE_F	5U66_A	31.522	92	51	2	112	198	110	194	2.48e-11	56.6
4ENE_F	5U66_A	27.619	105	70	3	111	211	1	103	1.50e-07	45.8
4ENE_F	6CPH_D	30.986	142	85	6	4	138	4	139	1.67e-09	51.6
4ENE_F	5NQ0_A	26.389	144	78	6	78	209	148	275	8.43e-05	38.1
4ENE_F	4ZSO_E	21.528	144	101	4	71	208	88	225	8.98e-04	35.0
4ENE_F	5EB9_A	21.795	78	55	1	16	87	23	100	0.001	33.5
4ENE_F	5WT9_G	28.409	88	58	4	5	87	36	123	0.004	32.7
4ENE_F	6BIT_G	26.733	101	49	5	3	90	6	94	0.005	31.6
4ESP_A	5EM0_A	70.455	132	37	1	1	130	4	135	3.67e-71	205
4ESP_A	5YED_A	30.588	85	51	4	6	85	11	92	0.002	32.0
4FHR_B	5WUJ_B	29.032	93	62	2	20	111	16	105	0.002	32.7
4FHR_B	5TDY_B	31.579	76	49	1	21	96	13	85	0.004	31.6
4FIO_A	4Y4Q_A	96.000	25	1	0	12	36	6	30	6.11e-10	54.7
4FIO_B	4Y4Q_A	96.000	25	1	0	12	36	6	30	6.11e-10	54.7
4FIO_C	4Y4Q_A	96.000	25	1	0	12	36	6	30	6.11e-10	54.7
4FW1_A	5CZ1_A	37.870	169	99	1	2	170	2	164	1.25e-33	115
4FW1_A	5D7U_A	51.282	39	17	2	182	219	18	55	2.37e-05	37.0
4FW1_B	5CZ1_A	37.870	169	99	1	2	170	2	164	1.25e-33	115
4FW1_B	5D7U_A	51.282	39	17	2	182	219	18	55	2.37e-05	37.0
4G1Q_A	5DZM_A	96.154	130	5	0	428	557	4	133	5.95e-84	253
4G1Q_A	6MIH_A	30.055	183	113	6	22	197	41	215	1.51e-20	87.4
4G1Q_A	4Z0U_A	29.323	133	76	6	442	556	7	139	8.52e-05	38.9
4G1Q_B	6MIH_A	29.524	210	132	7	20	222	41	241	7.84e-21	87.4
4GT9_A	6J61_A	49.558	226	108	1	13	232	5	230	2.81e-71	214
4GV2_A	5LXP_A	28.571	126	78	5	149	264	10	133	1.83e-05	40.8
4GWB_A	6AGV_A	38.065	155	90	2	2	150	63	217	6.77e-31	107
4GWG_A	5U5G_A	24.607	191	124	4	7	192	5	180	2.48e-07	47.8
4H27_A	6IM5_A	100.000	17	0	0	18	34	1	17	6.01e-05	39.7
4HL2_A	5ZGX_A	100.000	240	0	0	4	243	3	242	0.0	494
4HL2_A	6CQS_A	26.389	216	117	6	21	207	13	215	1.98e-14	66.6
4HL2_A	5EW0_A	19.307	202	131	5	46	226	25	215	1.32e-06	43.5
4HL2_B	5ZGX_A	100.000	240	0	0	4	243	3	242	0.0	494
4HL2_B	6CQS_A	26.389	216	117	6	21	207	13	215	1.98e-14	66.6
4HL2_B	5EW0_A	19.307	202	131	5	46	226	25	215	1.32e-06	43.5
4HWS_A	6AB1_A	24.390	82	60	2	51	132	79	158	7.46e-04	36.6
4HWS_B	6AB1_A	24.390	82	60	2	51	132	79	158	7.46e-04	36.6
4HWW_A	6NFP_A	42.053	302	161	5	2	301	6	295	3.57e-73	224
4HWW_B	6NFP_A	42.053	302	161	5	2	301	6	295	3.57e-73	224
4I8H_A	5MN1_A	100.000	223	0	0	1	223	1	223	3.48e-164	448
4I9O_A	5SVH_A	98.851	87	1	0	15	101	1	87	1.40e-61	178
4IAU_A	5VH1_A	22.302	139	92	4	32	159	40	173	0.005	32.0
4IAU_A	5HT7_A	30.000	60	32	3	103	161	31	81	0.006	30.4
4J7D_A	5C5A_A	77.381	84	19	0	2	85	6	89	7.46e-39	120
4J9Y_B	5V03_B	100.000	102	0	0	1	102	1	102	5.85e-71	202
4J9Y_R	5E1N_A	88.514	148	17	0	2	149	1	148	4.81e-96	270
4J9Y_R	4ZCU_A	25.926	135	94	1	8	142	10	138	1.48e-14	63.2
4J9Y_R	4ZCU_A	27.941	68	47	1	81	146	8	75	7.28e-06	39.7
4J9Y_R	5VT9_A	25.714	140	97	4	8	146	14	147	3.19e-10	51.2
4J9Y_R	5VT9_A	28.358	67	46	1	7	73	83	147	0.002	32.7
4J9Y_R	6FIE_B	24.845	161	99	4	11	149	17	177	2.11e-08	47.4
4J9Y_R	6FIE_B	29.032	124	65	4	12	116	105	224	3.70e-07	43.9
4J9Y_R	5I2L_A	33.333	72	48	0	4	75	24	95	1.23e-07	43.5
4J9Y_R	5I2L_A	33.333	54	36	0	90	143	37	90	4.07e-05	37.0
4J9Y_R	5ZAB_A	24.359	156	98	4	9	144	21	176	5.41e-05	37.4
4J9Y_R	6IIE_A	30.137	73	40	3	82	144	7	78	8.51e-04	32.7
4J9Y_R	4YGB_B	23.529	85	53	1	74	146	19	103	0.002	31.6
4JER_A	4XZD_A	100.000	193	0	0	1	193	13	205	1.91e-145	399
4JER_A	5XA4_A	29.730	185	110	7	1	175	1	175	7.88e-22	84.0
4JXQ_A	6E1X_A	26.923	78	56	1	86	162	87	164	1.17e-04	37.0
4JXQ_A	5ISV_A	28.302	53	38	0	88	140	68	120	8.83e-04	34.3
4JXQ_B	6E1X_A	26.923	78	56	1	86	162	87	164	1.17e-04	37.0
4JXQ_B	5ISV_A	28.302	53	38	0	88	140	68	120	8.83e-04	34.3
4KEF_A	5IVU_A	50.725	138	68	0	2	139	3	140	4.46e-51	155
4KLI_A	5HRB_A	24.260	169	108	5	165	333	29	177	3.13e-05	39.7
